   1.00000000       0.00000000      -1.34125526E-06
  0.999396861       3.47256102E-02   2.69852478E-08
  0.995868623       9.08058509E-02   7.59383738E-07
  0.992114723      0.125333235       3.39697209E-07
  0.987164080      0.159709439      -1.82151859E-06
  0.976634920      0.214905262       2.11632437E-06
  0.968583167      0.248689890       1.49612708E-06
  0.959363103      0.282174528      -3.08325320E-06
  0.941999078      0.335615486       2.50742619E-06
  0.929776490      0.368124545      -1.01501303E-06
  0.916432381      0.400189579      -8.36565789E-07
  0.892507374      0.451032847       5.71362705E-07
  0.876306653      0.481753677      -2.19435833E-06
  0.859048963      0.511893392       1.45572187E-06
  0.828940272      0.559337139      -8.95507924E-07
  0.809017003      0.587785244       1.75056243E-06
  0.788117886      0.615524352       1.66110647E-06
  0.752300262      0.658820391       1.14980014E-06
  0.728968620      0.684547126       6.23358801E-06
  0.704757631      0.709448099       6.86456633E-06
  0.663796067      0.747913599       1.40288939E-05
  0.637423992      0.770513237       2.24666110E-05
  0.610283017      0.792183459       3.87732798E-05
  0.564823449      0.825211763       7.74990258E-05
  0.535826802      0.844327927       1.22463956E-04
  0.506183803      0.862425625       1.89456987E-04
  0.456943184      0.889495909       3.71894101E-04
  0.425779283      0.904827058       5.62988454E-04
  0.394101828      0.919066787       8.34152335E-04
  0.341856629      0.939752102       1.55910105E-03
  0.309017003      0.951056540       2.25672917E-03
  0.275804609      0.961213708       3.24054481E-03
  0.221378833      0.975187898       5.69257885E-03
  0.187381312      0.982287228       7.94142112E-03
  0.153157771      0.988201737       1.09710330E-02
   9.74097401E-02  0.995244384       1.80628449E-02
   6.27905205E-02  0.998026729       2.42241006E-02
   2.80955620E-02  0.999605238       3.21107954E-02
  -2.80955620E-02  0.999605238       4.93989177E-02
  -6.27905205E-02  0.998026729       6.34543002E-02
  -9.74097401E-02  0.995244384       8.04961622E-02
 -0.153157771      0.988201737      0.115121581    
 -0.187381312      0.982287228      0.141149208    
 -0.221378833      0.975187898      0.170718700    
 -0.275804609      0.961213708      0.225423381    
 -0.309017003      0.951056540      0.262616962    
 -0.341856629      0.939752102      0.301336646    
 -0.394101828      0.919066787      0.364061385    
 -0.425779283      0.904827058      0.400448292    
 -0.456943184      0.889495909      0.432905078    
 -0.506183803      0.862425625      0.472451568    
 -0.535826802      0.844327927      0.486177564    
 -0.564823449      0.825211763      0.490084291    
 -0.610283017      0.792183459      0.473654062    
 -0.637423992      0.770513237      0.449340492    
 -0.663796067      0.747913599      0.415129036    
 -0.704757631      0.709448099      0.342945993    
 -0.728968620      0.684547126      0.291544020    
 -0.752300262      0.658820391      0.238170847    
 -0.788117886      0.615524352      0.154663771    
 -0.809017003      0.587785244      0.108767860    
 -0.828940272      0.559337139       6.94909021E-02
 -0.859048963      0.511893392       2.25327946E-02
 -0.876306653      0.481753677       3.96599760E-03
 -0.892507374      0.451032847      -7.39807915E-03
 -0.916432381      0.400189579      -1.37598217E-02
 -0.929776490      0.368124545      -1.27538331E-02
 -0.941999078      0.335615486      -9.78085771E-03
 -0.959363103      0.282174528      -3.96237290E-03
 -0.968583167      0.248689890      -1.05095387E-03
 -0.976634920      0.214905262       8.73181503E-04
 -0.987164080      0.159709439       1.84108072E-03
 -0.992114723      0.125333235       1.51700911E-03
 -0.995868623       9.08058509E-02   8.60405795E-04
 -0.999396861       3.47256102E-02  -1.21531593E-04
  -1.00000000       1.22464685E-16  -3.15818499E-04
 -0.999396861      -3.47256102E-02  -1.21531593E-04
 -0.995868623      -9.08058509E-02   8.60405795E-04
 -0.992114723     -0.125333235       1.51700911E-03
 -0.987164080     -0.159709439       1.84108072E-03
 -0.976634920     -0.214905262       8.73181503E-04
 -0.968583167     -0.248689890      -1.05095387E-03
 -0.959363103     -0.282174528      -3.96237290E-03
 -0.941999078     -0.335615486      -9.78085771E-03
 -0.929776490     -0.368124545      -1.27538331E-02
 -0.916432381     -0.400189579      -1.37598217E-02
 -0.892507374     -0.451032847      -7.39807915E-03
 -0.876306653     -0.481753677       3.96599760E-03
 -0.859048963     -0.511893392       2.25327946E-02
 -0.828940272     -0.559337139       6.94909021E-02
 -0.809017003     -0.587785244      0.108767860    
 -0.788117886     -0.615524352      0.154663771    
 -0.752300262     -0.658820391      0.238170847    
 -0.728968620     -0.684547126      0.291544020    
 -0.704757631     -0.709448099      0.342945993    
 -0.663796067     -0.747913599      0.415129036    
 -0.637423992     -0.770513237      0.449340492    
 -0.610283017     -0.792183459      0.473654062    
 -0.564823449     -0.825211763      0.490084291    
 -0.535826802     -0.844327927      0.486177564    
 -0.506183803     -0.862425625      0.472451568    
 -0.456943184     -0.889495909      0.432905078    
 -0.425779283     -0.904827058      0.400448292    
 -0.394101828     -0.919066787      0.364061385    
 -0.341856629     -0.939752102      0.301336646    
 -0.309017003     -0.951056540      0.262616962    
 -0.275804609     -0.961213708      0.225423381    
 -0.221378833     -0.975187898      0.170718700    
 -0.187381312     -0.982287228      0.141149208    
 -0.153157771     -0.988201737      0.115121581    
  -9.74097401E-02 -0.995244384       8.04961622E-02
  -6.27905205E-02 -0.998026729       6.34543002E-02
  -2.80955620E-02 -0.999605238       4.93989177E-02
   2.80955620E-02 -0.999605238       3.21107954E-02
   6.27905205E-02 -0.998026729       2.42241006E-02
   9.74097401E-02 -0.995244384       1.80628449E-02
  0.153157771     -0.988201737       1.09710330E-02
  0.187381312     -0.982287228       7.94142112E-03
  0.221378833     -0.975187898       5.69257885E-03
  0.275804609     -0.961213708       3.24054481E-03
  0.309017003     -0.951056540       2.25672917E-03
  0.341856629     -0.939752102       1.55910105E-03
  0.394101828     -0.919066787       8.34152335E-04
  0.425779283     -0.904827058       5.62988454E-04
  0.456943184     -0.889495909       3.71894101E-04
  0.506183803     -0.862425625       1.89456987E-04
  0.535826802     -0.844327927       1.22463956E-04
  0.564823449     -0.825211763       7.74990258E-05
  0.610283017     -0.792183459       3.87732798E-05
  0.637423992     -0.770513237       2.24666110E-05
  0.663796067     -0.747913599       1.40288939E-05
  0.704757631     -0.709448099       6.86456633E-06
  0.728968620     -0.684547126       6.23358801E-06
  0.752300262     -0.658820391       1.14980014E-06
  0.788117886     -0.615524352       1.66110647E-06
  0.809017003     -0.587785244       1.75056243E-06
  0.828940272     -0.559337139      -8.95507924E-07
  0.859048963     -0.511893392       1.45572187E-06
  0.876306653     -0.481753677      -2.19435833E-06
  0.892507374     -0.451032847       5.71362705E-07
  0.916432381     -0.400189579      -8.36565789E-07
  0.929776490     -0.368124545      -1.01501303E-06
  0.941999078     -0.335615486       2.50742619E-06
  0.959363103     -0.282174528      -3.08325320E-06
  0.968583167     -0.248689890       1.49612708E-06
  0.976634920     -0.214905262       2.11632437E-06
  0.987164080     -0.159709439      -1.82151859E-06
  0.992114723     -0.125333235       3.39697209E-07
  0.995868623      -9.08058509E-02   7.59383738E-07
  0.999396861      -3.47256102E-02   2.69852478E-08
   1.00000000      -2.44929371E-16  -1.34125526E-06
