   1.00000000       0.00000000      0.488295764    
  0.999396861       3.47256102E-02  0.490643233    
  0.995868623       9.08058509E-02  0.503134251    
  0.992114723      0.125333235      0.514139950    
  0.987164080      0.159709439      0.525335848    
  0.976634920      0.214905262      0.538004518    
  0.968583167      0.248689890      0.538816810    
  0.959363103      0.282174528      0.531977534    
  0.941999078      0.335615486      0.501836181    
  0.929776490      0.368124545      0.471061170    
  0.916432381      0.400189579      0.431905568    
  0.892507374      0.451032847      0.355142891    
  0.876306653      0.481753677      0.303117037    
  0.859048963      0.511893392      0.250683933    
  0.828940272      0.559337139      0.171169341    
  0.809017003      0.587785244      0.128446385    
  0.788117886      0.615524352       9.21512023E-02
  0.752300262      0.658820391       4.80931140E-02
  0.728968620      0.684547126       2.94785649E-02
  0.704757631      0.709448099       1.65164061E-02
  0.663796067      0.747913599       4.76110866E-03
  0.637423992      0.770513237       1.39553170E-03
  0.610283017      0.792183459      -1.58144961E-04
  0.564823449      0.825211763      -6.62183505E-04
  0.535826802      0.844327927      -4.88580787E-04
  0.506183803      0.862425625      -2.65535142E-04
  0.456943184      0.889495909      -2.73505211E-05
  0.425779283      0.904827058       3.90618698E-05
  0.394101828      0.919066787       5.20513131E-05
  0.341856629      0.939752102       1.93250089E-05
  0.309017003      0.951056540       4.96708799E-06
  0.275804609      0.961213708       1.27727492E-06
  0.221378833      0.975187898      -3.01501586E-06
  0.187381312      0.982287228      -6.06279264E-06
  0.153157771      0.988201737      -2.01693229E-06
   9.74097401E-02  0.995244384       1.82325402E-06
   6.27905205E-02  0.998026729       1.27356100E-06
   2.80955620E-02  0.999605238      -1.34213576E-06
  -2.80955620E-02  0.999605238       1.34065203E-06
  -6.27905205E-02  0.998026729       1.06878872E-06
  -9.74097401E-02  0.995244384      -2.23980760E-06
 -0.153157771      0.988201737       2.06467689E-06
 -0.187381312      0.982287228      -8.28121472E-07
 -0.221378833      0.975187898      -5.61626393E-07
 -0.275804609      0.961213708      -9.50089429E-07
 -0.309017003      0.951056540       6.56587304E-07
 -0.341856629      0.939752102       2.60858405E-06
 -0.394101828      0.919066787      -3.80522101E-06
 -0.425779283      0.904827058       1.85016734E-06
 -0.456943184      0.889495909       2.06359141E-06
 -0.506183803      0.862425625      -6.10016571E-07
 -0.535826802      0.844327927       1.15499617E-07
 -0.564823449      0.825211763      -1.79408778E-06
 -0.610283017      0.792183459       2.88788124E-06
 -0.637423992      0.770513237      -4.70560337E-07
 -0.663796067      0.747913599      -2.19236381E-06
 -0.704757631      0.709448099       1.05590254E-06
 -0.728968620      0.684547126      -1.28279180E-06
 -0.752300262      0.658820391       1.21732342E-06
 -0.788117886      0.615524352      -6.20295452E-07
 -0.809017003      0.587785244      -4.19015805E-06
 -0.828940272      0.559337139       1.31444142E-06
 -0.859048963      0.511893392       1.77209336E-06
 -0.876306653      0.481753677      -1.74141303E-06
 -0.892507374      0.451032847      -2.76320043E-06
 -0.916432381      0.400189579       1.68384133E-06
 -0.929776490      0.368124545       7.63703792E-06
 -0.941999078      0.335615486      -2.71800263E-06
 -0.959363103      0.282174528      -3.82493863E-06
 -0.968583167      0.248689890       8.75543719E-06
 -0.976634920      0.214905262       3.69090981E-06
 -0.987164080      0.159709439      -6.13530483E-06
 -0.992114723      0.125333235      -4.04454249E-06
 -0.995868623       9.08058509E-02   6.55888471E-06
 -0.999396861       3.47256102E-02   2.01022985E-07
  -1.00000000       1.22464685E-16  -1.26884033E-05
 -0.999396861      -3.47256102E-02   2.01022985E-07
 -0.995868623      -9.08058509E-02   6.55888471E-06
 -0.992114723     -0.125333235      -4.04454249E-06
 -0.987164080     -0.159709439      -6.13530483E-06
 -0.976634920     -0.214905262       3.69090981E-06
 -0.968583167     -0.248689890       8.75543719E-06
 -0.959363103     -0.282174528      -3.82493863E-06
 -0.941999078     -0.335615486      -2.71800263E-06
 -0.929776490     -0.368124545       7.63703792E-06
 -0.916432381     -0.400189579       1.68384133E-06
 -0.892507374     -0.451032847      -2.76320043E-06
 -0.876306653     -0.481753677      -1.74141303E-06
 -0.859048963     -0.511893392       1.77209336E-06
 -0.828940272     -0.559337139       1.31444142E-06
 -0.809017003     -0.587785244      -4.19015805E-06
 -0.788117886     -0.615524352      -6.20295452E-07
 -0.752300262     -0.658820391       1.21732342E-06
 -0.728968620     -0.684547126      -1.28279180E-06
 -0.704757631     -0.709448099       1.05590254E-06
 -0.663796067     -0.747913599      -2.19236381E-06
 -0.637423992     -0.770513237      -4.70560337E-07
 -0.610283017     -0.792183459       2.88788124E-06
 -0.564823449     -0.825211763      -1.79408778E-06
 -0.535826802     -0.844327927       1.15499624E-07
 -0.506183803     -0.862425625      -6.10016571E-07
 -0.456943184     -0.889495909       2.06359141E-06
 -0.425779283     -0.904827058       1.85016734E-06
 -0.394101828     -0.919066787      -3.80522101E-06
 -0.341856629     -0.939752102       2.60858405E-06
 -0.309017003     -0.951056540       6.56587304E-07
 -0.275804609     -0.961213708      -9.50089429E-07
 -0.221378833     -0.975187898      -5.61626393E-07
 -0.187381312     -0.982287228      -8.28121472E-07
 -0.153157771     -0.988201737       2.06467666E-06
  -9.74097401E-02 -0.995244384      -2.23980760E-06
  -6.27905205E-02 -0.998026729       1.06878872E-06
  -2.80955620E-02 -0.999605238       1.34065203E-06
   2.80955620E-02 -0.999605238      -1.34213576E-06
   6.27905205E-02 -0.998026729       1.27356100E-06
   9.74097401E-02 -0.995244384       1.82325402E-06
  0.153157771     -0.988201737      -2.01693229E-06
  0.187381312     -0.982287228      -6.06279264E-06
  0.221378833     -0.975187898      -3.01501586E-06
  0.275804609     -0.961213708       1.27727492E-06
  0.309017003     -0.951056540       4.96708799E-06
  0.341856629     -0.939752102       1.93250089E-05
  0.394101828     -0.919066787       5.20513131E-05
  0.425779283     -0.904827058       3.90618698E-05
  0.456943184     -0.889495909      -2.73505211E-05
  0.506183803     -0.862425625      -2.65535142E-04
  0.535826802     -0.844327927      -4.88580787E-04
  0.564823449     -0.825211763      -6.62183505E-04
  0.610283017     -0.792183459      -1.58144961E-04
  0.637423992     -0.770513237       1.39553170E-03
  0.663796067     -0.747913599       4.76110866E-03
  0.704757631     -0.709448099       1.65164061E-02
  0.728968620     -0.684547126       2.94785649E-02
  0.752300262     -0.658820391       4.80931140E-02
  0.788117886     -0.615524352       9.21512023E-02
  0.809017003     -0.587785244      0.128446385    
  0.828940272     -0.559337139      0.171169341    
  0.859048963     -0.511893392      0.250683933    
  0.876306653     -0.481753677      0.303117037    
  0.892507374     -0.451032847      0.355142891    
  0.916432381     -0.400189579      0.431905568    
  0.929776490     -0.368124545      0.471061170    
  0.941999078     -0.335615486      0.501836181    
  0.959363103     -0.282174528      0.531977534    
  0.968583167     -0.248689890      0.538816810    
  0.976634920     -0.214905262      0.538004518    
  0.987164080     -0.159709439      0.525335848    
  0.992114723     -0.125333235      0.514139950    
  0.995868623      -9.08058509E-02  0.503134251    
  0.999396861      -3.47256102E-02  0.490643233    
   1.00000000      -2.44929371E-16  0.488295764    
