   1.00000000       0.00000000      0.890450776    
  0.999396861       3.47256102E-02  0.883579969    
  0.995868623       9.08058509E-02  0.843957603    
  0.992114723      0.125333235      0.802900136    
  0.987164080      0.159709439      0.750528574    
  0.976634920      0.214905262      0.646120310    
  0.968583167      0.248689890      0.572892189    
  0.959363103      0.282174528      0.496115834    
  0.941999078      0.335615486      0.371518433    
  0.929776490      0.368124545      0.298664182    
  0.916432381      0.400189579      0.231910363    
  0.892507374      0.451032847      0.141282037    
  0.876306653      0.481753677       9.75358635E-02
  0.859048963      0.511893392       6.33244738E-02
  0.828940272      0.559337139       2.64211670E-02
  0.809017003      0.587785244       1.30454134E-02
  0.788117886      0.615524352       5.06494334E-03
  0.752300262      0.658820391      -2.41425456E-04
  0.728968620      0.684547126      -8.63260531E-04
  0.704757631      0.709448099      -6.11830968E-04
  0.663796067      0.747913599       1.71387859E-04
  0.637423992      0.770513237       4.86175471E-04
  0.610283017      0.792183459       5.96518628E-04
  0.564823449      0.825211763       4.49132291E-04
  0.535826802      0.844327927       2.83126574E-04
  0.506183803      0.862425625       1.35670984E-04
  0.456943184      0.889495909       9.89251839E-06
  0.425779283      0.904827058      -1.91973159E-05
  0.394101828      0.919066787      -2.81475914E-05
  0.341856629      0.939752102      -7.38907238E-06
  0.309017003      0.951056540       7.28259420E-06
  0.275804609      0.961213708       9.87698331E-06
  0.221378833      0.975187898      -2.03185266E-07
  0.187381312      0.982287228       1.95750454E-06
  0.153157771      0.988201737       3.58321108E-06
   9.74097401E-02  0.995244384      -4.78083734E-07
   6.27905205E-02  0.998026729      -4.70000532E-06
   2.80955620E-02  0.999605238      -1.56646911E-06
  -2.80955620E-02  0.999605238       3.16788851E-06
  -6.27905205E-02  0.998026729      -2.94498773E-06
  -9.74097401E-02  0.995244384      -7.44402016E-08
 -0.153157771      0.988201737      -1.11419297E-06
 -0.187381312      0.982287228       1.75936430E-06
 -0.221378833      0.975187898       1.11272686E-06
 -0.275804609      0.961213708      -1.65172912E-06
 -0.309017003      0.951056540       3.90041942E-06
 -0.341856629      0.939752102      -1.84815417E-06
 -0.394101828      0.919066787       2.24957421E-06
 -0.425779283      0.904827058      -4.64102783E-07
 -0.456943184      0.889495909      -1.94563290E-06
 -0.506183803      0.862425625       1.57748366E-06
 -0.535826802      0.844327927      -3.41081341E-06
 -0.564823449      0.825211763       1.79749850E-06
 -0.610283017      0.792183459      -1.99135320E-06
 -0.637423992      0.770513237      -3.44600096E-07
 -0.663796067      0.747913599       2.19588333E-06
 -0.704757631      0.709448099      -2.10875874E-06
 -0.728968620      0.684547126       3.60508125E-06
 -0.752300262      0.658820391      -7.36708216E-07
 -0.788117886      0.615524352       3.02656161E-07
 -0.809017003      0.587785244       2.10944268E-06
 -0.828940272      0.559337139      -1.55573559E-06
 -0.859048963      0.511893392       1.64240760E-06
 -0.876306653      0.481753677      -3.39291887E-06
 -0.892507374      0.451032847       2.45044419E-07
 -0.916432381      0.400189579       9.13999713E-07
 -0.929776490      0.368124545      -3.35538061E-06
 -0.941999078      0.335615486       7.60258274E-07
 -0.959363103      0.282174528      -5.23712458E-07
 -0.968583167      0.248689890       1.74443164E-06
 -0.976634920      0.214905262      -2.60113410E-07
 -0.987164080      0.159709439      -5.16935529E-07
 -0.992114723      0.125333235       1.72145883E-06
 -0.995868623       9.08058509E-02  -2.49135780E-07
 -0.999396861       3.47256102E-02   1.38472402E-07
  -1.00000000       1.22464685E-16  -6.74059379E-07
 -0.999396861      -3.47256102E-02   1.38472402E-07
 -0.995868623      -9.08058509E-02  -2.49135780E-07
 -0.992114723     -0.125333235       1.72145883E-06
 -0.987164080     -0.159709439      -5.16935529E-07
 -0.976634920     -0.214905262      -2.60113410E-07
 -0.968583167     -0.248689890       1.74443164E-06
 -0.959363103     -0.282174528      -5.23712458E-07
 -0.941999078     -0.335615486       7.60258274E-07
 -0.929776490     -0.368124545      -3.35538061E-06
 -0.916432381     -0.400189579       9.13999713E-07
 -0.892507374     -0.451032847       2.45044419E-07
 -0.876306653     -0.481753677      -3.39291887E-06
 -0.859048963     -0.511893392       1.64240760E-06
 -0.828940272     -0.559337139      -1.55573559E-06
 -0.809017003     -0.587785244       2.10944268E-06
 -0.788117886     -0.615524352       3.02656161E-07
 -0.752300262     -0.658820391      -7.36708216E-07
 -0.728968620     -0.684547126       3.60508125E-06
 -0.704757631     -0.709448099      -2.10875874E-06
 -0.663796067     -0.747913599       2.19588333E-06
 -0.637423992     -0.770513237      -3.44600096E-07
 -0.610283017     -0.792183459      -1.99135320E-06
 -0.564823449     -0.825211763       1.79749850E-06
 -0.535826802     -0.844327927      -3.41081341E-06
 -0.506183803     -0.862425625       1.57748366E-06
 -0.456943184     -0.889495909      -1.94563290E-06
 -0.425779283     -0.904827058      -4.64102783E-07
 -0.394101828     -0.919066787       2.24957421E-06
 -0.341856629     -0.939752102      -1.84815417E-06
 -0.309017003     -0.951056540       3.90041942E-06
 -0.275804609     -0.961213708      -1.65172912E-06
 -0.221378833     -0.975187898       1.11272686E-06
 -0.187381312     -0.982287228       1.75936430E-06
 -0.153157771     -0.988201737      -1.11419297E-06
  -9.74097401E-02 -0.995244384      -7.44402016E-08
  -6.27905205E-02 -0.998026729      -2.94498773E-06
  -2.80955620E-02 -0.999605238       3.16788851E-06
   2.80955620E-02 -0.999605238      -1.56646911E-06
   6.27905205E-02 -0.998026729      -4.70000532E-06
   9.74097401E-02 -0.995244384      -4.78083734E-07
  0.153157771     -0.988201737       3.58321108E-06
  0.187381312     -0.982287228       1.95750454E-06
  0.221378833     -0.975187898      -2.03185266E-07
  0.275804609     -0.961213708       9.87698331E-06
  0.309017003     -0.951056540       7.28259420E-06
  0.341856629     -0.939752102      -7.38907238E-06
  0.394101828     -0.919066787      -2.81475914E-05
  0.425779283     -0.904827058      -1.91973159E-05
  0.456943184     -0.889495909       9.89251839E-06
  0.506183803     -0.862425625       1.35670984E-04
  0.535826802     -0.844327927       2.83126574E-04
  0.564823449     -0.825211763       4.49132291E-04
  0.610283017     -0.792183459       5.96518628E-04
  0.637423992     -0.770513237       4.86175471E-04
  0.663796067     -0.747913599       1.71387859E-04
  0.704757631     -0.709448099      -6.11830968E-04
  0.728968620     -0.684547126      -8.63260531E-04
  0.752300262     -0.658820391      -2.41425456E-04
  0.788117886     -0.615524352       5.06494334E-03
  0.809017003     -0.587785244       1.30454134E-02
  0.828940272     -0.559337139       2.64211670E-02
  0.859048963     -0.511893392       6.33244738E-02
  0.876306653     -0.481753677       9.75358635E-02
  0.892507374     -0.451032847      0.141282037    
  0.916432381     -0.400189579      0.231910363    
  0.929776490     -0.368124545      0.298664182    
  0.941999078     -0.335615486      0.371518433    
  0.959363103     -0.282174528      0.496115834    
  0.968583167     -0.248689890      0.572892189    
  0.976634920     -0.214905262      0.646120310    
  0.987164080     -0.159709439      0.750528574    
  0.992114723     -0.125333235      0.802900136    
  0.995868623      -9.08058509E-02  0.843957603    
  0.999396861      -3.47256102E-02  0.883579969    
   1.00000000      -2.44929371E-16  0.890450776    
