   1.00000000       0.00000000       2.36959010E-02
  0.999396861       3.47256102E-02   2.53414270E-02
  0.995868623       9.08058509E-02   3.52243595E-02
  0.992114723      0.125333235       4.62140627E-02
  0.987164080      0.159709439       6.14013337E-02
  0.976634920      0.214905262       9.59012434E-02
  0.968583167      0.248689890      0.123825766    
  0.959363103      0.282174528      0.156838998    
  0.941999078      0.335615486      0.220045224    
  0.929776490      0.368124545      0.263777435    
  0.916432381      0.400189579      0.309334934    
  0.892507374      0.451032847      0.381815851    
  0.876306653      0.481753677      0.422143877    
  0.859048963      0.511893392      0.456133723    
  0.828940272      0.559337139      0.492133260    
  0.809017003      0.587785244      0.500021338    
  0.788117886      0.615524352      0.495971322    
  0.752300262      0.658820391      0.464820206    
  0.728968620      0.684547126      0.432290912    
  0.704757631      0.709448099      0.392019153    
  0.663796067      0.747913599      0.316903234    
  0.637423992      0.770513237      0.268537194    
  0.610283017      0.792183459      0.221570045    
  0.564823449      0.825211763      0.153243765    
  0.535826802      0.844327927      0.117667049    
  0.506183803      0.862425625       8.78254995E-02
  0.456943184      0.889495909       5.14625907E-02
  0.425779283      0.904827058       3.55655663E-02
  0.394101828      0.919066787       2.38456614E-02
  0.341856629      0.939752102       1.16994083E-02
  0.309017003      0.951056540       7.22101377E-03
  0.275804609      0.961213708       4.31064051E-03
  0.221378833      0.975187898       1.74737652E-03
  0.187381312      0.982287228       9.59412777E-04
  0.153157771      0.988201737       5.04160998E-04
   9.74097401E-02  0.995244384       1.64532583E-04
   6.27905205E-02  0.998026729       8.16084430E-05
   2.80955620E-02  0.999605238       4.06810868E-05
  -2.80955620E-02  0.999605238       6.82763402E-06
  -6.27905205E-02  0.998026729       3.65057781E-06
  -9.74097401E-02  0.995244384       4.76120977E-06
 -0.153157771      0.988201737      -8.67549659E-07
 -0.187381312      0.982287228      -5.86263447E-08
 -0.221378833      0.975187898      -7.52180597E-07
 -0.275804609      0.961213708       2.89643435E-06
 -0.309017003      0.951056540      -3.18261937E-06
 -0.341856629      0.939752102      -2.43018303E-06
 -0.394101828      0.919066787       3.94047720E-06
 -0.425779283      0.904827058      -4.37102381E-06
 -0.456943184      0.889495909      -1.07950905E-06
 -0.506183803      0.862425625       2.70626543E-07
 -0.535826802      0.844327927       2.85407191E-06
 -0.564823449      0.825211763       3.53850282E-08
 -0.610283017      0.792183459      -3.17281183E-06
 -0.637423992      0.770513237       7.77733476E-06
 -0.663796067      0.747913599       4.36626408E-07
 -0.704757631      0.709448099      -2.65021345E-06
 -0.728968620      0.684547126       1.79749611E-06
 -0.752300262      0.658820391       1.84567500E-06
 -0.788117886      0.615524352      -6.34051219E-07
 -0.809017003      0.587785244      -5.97707049E-06
 -0.828940272      0.559337139       2.54049360E-06
 -0.859048963      0.511893392       3.96265648E-07
 -0.876306653      0.481753677      -4.74406124E-06
 -0.892507374      0.451032847       6.35728099E-07
 -0.916432381      0.400189579       9.40449581E-07
 -0.929776490      0.368124545       1.12231021E-06
 -0.941999078      0.335615486      -2.43545969E-06
 -0.959363103      0.282174528       1.98131602E-06
 -0.968583167      0.248689890       3.13059832E-06
 -0.976634920      0.214905262      -3.38495852E-06
 -0.987164080      0.159709439       2.30568230E-06
 -0.992114723      0.125333235       5.31856358E-07
 -0.995868623       9.08058509E-02  -1.70427518E-06
 -0.999396861       3.47256102E-02   9.35866922E-07
  -1.00000000       1.22464685E-16  -1.19974675E-06
 -0.999396861      -3.47256102E-02   9.35866922E-07
 -0.995868623      -9.08058509E-02  -1.70427518E-06
 -0.992114723     -0.125333235       5.31856358E-07
 -0.987164080     -0.159709439       2.30568230E-06
 -0.976634920     -0.214905262      -3.38495852E-06
 -0.968583167     -0.248689890       3.13059832E-06
 -0.959363103     -0.282174528       1.98131602E-06
 -0.941999078     -0.335615486      -2.43545969E-06
 -0.929776490     -0.368124545       1.12231021E-06
 -0.916432381     -0.400189579       9.40449581E-07
 -0.892507374     -0.451032847       6.35728099E-07
 -0.876306653     -0.481753677      -4.74406124E-06
 -0.859048963     -0.511893392       3.96265648E-07
 -0.828940272     -0.559337139       2.54049360E-06
 -0.809017003     -0.587785244      -5.97707049E-06
 -0.788117886     -0.615524352      -6.34051219E-07
 -0.752300262     -0.658820391       1.84567500E-06
 -0.728968620     -0.684547126       1.79749611E-06
 -0.704757631     -0.709448099      -2.65021345E-06
 -0.663796067     -0.747913599       4.36626408E-07
 -0.637423992     -0.770513237       7.77733476E-06
 -0.610283017     -0.792183459      -3.17281183E-06
 -0.564823449     -0.825211763       3.53850282E-08
 -0.535826802     -0.844327927       2.85407191E-06
 -0.506183803     -0.862425625       2.70626543E-07
 -0.456943184     -0.889495909      -1.07950905E-06
 -0.425779283     -0.904827058      -4.37102381E-06
 -0.394101828     -0.919066787       3.94047720E-06
 -0.341856629     -0.939752102      -2.43018303E-06
 -0.309017003     -0.951056540      -3.18261937E-06
 -0.275804609     -0.961213708       2.89643435E-06
 -0.221378833     -0.975187898      -7.52180597E-07
 -0.187381312     -0.982287228      -5.86263447E-08
 -0.153157771     -0.988201737      -8.67549659E-07
  -9.74097401E-02 -0.995244384       4.76120977E-06
  -6.27905205E-02 -0.998026729       3.65057781E-06
  -2.80955620E-02 -0.999605238       6.82763402E-06
   2.80955620E-02 -0.999605238       4.06810868E-05
   6.27905205E-02 -0.998026729       8.16084430E-05
   9.74097401E-02 -0.995244384       1.64532583E-04
  0.153157771     -0.988201737       5.04160998E-04
  0.187381312     -0.982287228       9.59412777E-04
  0.221378833     -0.975187898       1.74737652E-03
  0.275804609     -0.961213708       4.31064051E-03
  0.309017003     -0.951056540       7.22101377E-03
  0.341856629     -0.939752102       1.16994083E-02
  0.394101828     -0.919066787       2.38456614E-02
  0.425779283     -0.904827058       3.55655663E-02
  0.456943184     -0.889495909       5.14625907E-02
  0.506183803     -0.862425625       8.78254995E-02
  0.535826802     -0.844327927      0.117667049    
  0.564823449     -0.825211763      0.153243765    
  0.610283017     -0.792183459      0.221570045    
  0.637423992     -0.770513237      0.268537194    
  0.663796067     -0.747913599      0.316903234    
  0.704757631     -0.709448099      0.392019153    
  0.728968620     -0.684547126      0.432290912    
  0.752300262     -0.658820391      0.464820206    
  0.788117886     -0.615524352      0.495971322    
  0.809017003     -0.587785244      0.500021338    
  0.828940272     -0.559337139      0.492133260    
  0.859048963     -0.511893392      0.456133723    
  0.876306653     -0.481753677      0.422143877    
  0.892507374     -0.451032847      0.381815851    
  0.916432381     -0.400189579      0.309334934    
  0.929776490     -0.368124545      0.263777435    
  0.941999078     -0.335615486      0.220045224    
  0.959363103     -0.282174528      0.156838998    
  0.968583167     -0.248689890      0.123825766    
  0.976634920     -0.214905262       9.59012434E-02
  0.987164080     -0.159709439       6.14013337E-02
  0.992114723     -0.125333235       4.62140627E-02
  0.995868623      -9.08058509E-02   3.52243595E-02
  0.999396861      -3.47256102E-02   2.53414270E-02
   1.00000000      -2.44929371E-16   2.36959010E-02
