   1.00000000       0.00000000       3.89862398E-05
  0.999396861       3.47256102E-02   5.56571867E-05
  0.995868623       9.08058509E-02   9.71212357E-05
  0.992114723      0.125333235       1.55691290E-04
  0.987164080      0.159709439       2.59845954E-04
  0.976634920      0.214905262       5.62032801E-04
  0.968583167      0.248689890       8.91153992E-04
  0.959363103      0.282174528       1.37807580E-03
  0.941999078      0.335615486       2.77465605E-03
  0.929776490      0.368124545       4.17390279E-03
  0.916432381      0.400189579       6.17390778E-03
  0.892507374      0.451032847       1.13145048E-02
  0.876306653      0.481753677       1.61247998E-02
  0.859048963      0.511893392       2.26298850E-02
  0.828940272      0.559337139       3.78301367E-02
  0.809017003      0.587785244       5.09046018E-02
  0.788117886      0.615524352       6.73914477E-02
  0.752300262      0.658820391      0.102365151    
  0.728968620      0.684547126      0.129611388    
  0.704757631      0.709448099      0.161253154    
  0.663796067      0.747913599      0.221042693    
  0.637423992      0.770513237      0.262203187    
  0.610283017      0.792183459      0.305178016    
  0.564823449      0.825211763      0.374356627    
  0.535826802      0.844327927      0.413690984    
  0.506183803      0.862425625      0.447757781    
  0.456943184      0.889495909      0.486284405    
  0.425779283      0.904827058      0.496991783    
  0.394101828      0.919066787      0.496297181    
  0.341856629      0.939752102      0.470433861    
  0.309017003      0.951056540      0.440287381    
  0.275804609      0.961213708      0.401257455    
  0.221378833      0.975187898      0.325301945    
  0.187381312      0.982287228      0.274787635    
  0.153157771      0.988201737      0.224807963    
   9.74097401E-02  0.995244384      0.150958419    
   6.27905205E-02  0.998026729      0.112315260    
   2.80955620E-02  0.999605238       8.01058412E-02
  -2.80955620E-02  0.999605238       4.18768600E-02
  -6.27905205E-02  0.998026729       2.60294527E-02
  -9.74097401E-02  0.995244384       1.50793940E-02
 -0.153157771      0.988201737       5.09944838E-03
 -0.187381312      0.982287228       2.13065068E-03
 -0.221378833      0.975187898       6.36788027E-04
 -0.275804609      0.961213708      -1.32308443E-04
 -0.309017003      0.951056540      -1.70469822E-04
 -0.341856629      0.939752102      -1.15200244E-04
 -0.394101828      0.919066787      -2.48370325E-05
 -0.425779283      0.904827058       8.26659561E-06
 -0.456943184      0.889495909       1.70120038E-05
 -0.506183803      0.862425625       4.31046738E-06
 -0.535826802      0.844327927       1.91929274E-07
 -0.564823449      0.825211763       2.97653037E-06
 -0.610283017      0.792183459       1.12982278E-07
 -0.637423992      0.770513237      -3.93932123E-06
 -0.663796067      0.747913599      -3.10790415E-06
 -0.704757631      0.709448099       4.32986417E-06
 -0.728968620      0.684547126       2.46542368E-06
 -0.752300262      0.658820391      -4.33442210E-06
 -0.788117886      0.615524352       6.73622083E-07
 -0.809017003      0.587785244       3.70087741E-06
 -0.828940272      0.559337139       1.62110939E-06
 -0.859048963      0.511893392      -5.22055325E-06
 -0.876306653      0.481753677       1.00102409E-06
 -0.892507374      0.451032847       5.93513914E-06
 -0.916432381      0.400189579      -4.26762153E-06
 -0.929776490      0.368124545      -2.67820587E-06
 -0.941999078      0.335615486       1.54061422E-06
 -0.959363103      0.282174528       3.50750292E-06
 -0.968583167      0.248689890      -3.98138218E-06
 -0.976634920      0.214905262      -5.18439947E-06
 -0.987164080      0.159709439       6.81162601E-06
 -0.992114723      0.125333235       7.54268058E-07
 -0.995868623       9.08058509E-02  -5.56336909E-06
 -0.999396861       3.47256102E-02   1.24387088E-06
  -1.00000000       1.22464685E-16   5.00130727E-06
 -0.999396861      -3.47256102E-02   1.24387088E-06
 -0.995868623      -9.08058509E-02  -5.56336909E-06
 -0.992114723     -0.125333235       7.54268058E-07
 -0.987164080     -0.159709439       6.81162601E-06
 -0.976634920     -0.214905262      -5.18439947E-06
 -0.968583167     -0.248689890      -3.98138218E-06
 -0.959363103     -0.282174528       3.50750292E-06
 -0.941999078     -0.335615486       1.54061422E-06
 -0.929776490     -0.368124545      -2.67820587E-06
 -0.916432381     -0.400189579      -4.26762153E-06
 -0.892507374     -0.451032847       5.93513914E-06
 -0.876306653     -0.481753677       1.00102409E-06
 -0.859048963     -0.511893392      -5.22055325E-06
 -0.828940272     -0.559337139       1.62110939E-06
 -0.809017003     -0.587785244       3.70087741E-06
 -0.788117886     -0.615524352       6.73622083E-07
 -0.752300262     -0.658820391      -4.33442210E-06
 -0.728968620     -0.684547126       2.46542368E-06
 -0.704757631     -0.709448099       4.32986417E-06
 -0.663796067     -0.747913599      -3.10790415E-06
 -0.637423992     -0.770513237      -3.93932123E-06
 -0.610283017     -0.792183459       1.12982278E-07
 -0.564823449     -0.825211763       2.97653037E-06
 -0.535826802     -0.844327927       1.91929274E-07
 -0.506183803     -0.862425625       4.31046738E-06
 -0.456943184     -0.889495909       1.70120038E-05
 -0.425779283     -0.904827058       8.26659561E-06
 -0.394101828     -0.919066787      -2.48370325E-05
 -0.341856629     -0.939752102      -1.15200244E-04
 -0.309017003     -0.951056540      -1.70469822E-04
 -0.275804609     -0.961213708      -1.32308443E-04
 -0.221378833     -0.975187898       6.36788027E-04
 -0.187381312     -0.982287228       2.13065068E-03
 -0.153157771     -0.988201737       5.09944838E-03
  -9.74097401E-02 -0.995244384       1.50793940E-02
  -6.27905205E-02 -0.998026729       2.60294527E-02
  -2.80955620E-02 -0.999605238       4.18768600E-02
   2.80955620E-02 -0.999605238       8.01058412E-02
   6.27905205E-02 -0.998026729      0.112315260    
   9.74097401E-02 -0.995244384      0.150958419    
  0.153157771     -0.988201737      0.224807963    
  0.187381312     -0.982287228      0.274787635    
  0.221378833     -0.975187898      0.325301945    
  0.275804609     -0.961213708      0.401257455    
  0.309017003     -0.951056540      0.440287381    
  0.341856629     -0.939752102      0.470433861    
  0.394101828     -0.919066787      0.496297181    
  0.425779283     -0.904827058      0.496991783    
  0.456943184     -0.889495909      0.486284405    
  0.506183803     -0.862425625      0.447757781    
  0.535826802     -0.844327927      0.413690984    
  0.564823449     -0.825211763      0.374356627    
  0.610283017     -0.792183459      0.305178016    
  0.637423992     -0.770513237      0.262203187    
  0.663796067     -0.747913599      0.221042693    
  0.704757631     -0.709448099      0.161253154    
  0.728968620     -0.684547126      0.129611388    
  0.752300262     -0.658820391      0.102365151    
  0.788117886     -0.615524352       6.73914477E-02
  0.809017003     -0.587785244       5.09046018E-02
  0.828940272     -0.559337139       3.78301367E-02
  0.859048963     -0.511893392       2.26298850E-02
  0.876306653     -0.481753677       1.61247998E-02
  0.892507374     -0.451032847       1.13145048E-02
  0.916432381     -0.400189579       6.17390778E-03
  0.929776490     -0.368124545       4.17390279E-03
  0.941999078     -0.335615486       2.77465605E-03
  0.959363103     -0.282174528       1.37807580E-03
  0.968583167     -0.248689890       8.91153992E-04
  0.976634920     -0.214905262       5.62032801E-04
  0.987164080     -0.159709439       2.59845954E-04
  0.992114723     -0.125333235       1.55691290E-04
  0.995868623      -9.08058509E-02   9.71212357E-05
  0.999396861      -3.47256102E-02   5.56571867E-05
   1.00000000      -2.44929371E-16   3.89862398E-05
