   1.00000000       0.00000000       1.22870313E-06
  0.999396861       3.47256102E-02   2.70403092E-07
  0.995868623       9.08058509E-02   2.35358968E-07
  0.992114723      0.125333235       1.00903355E-06
  0.987164080      0.159709439       3.05091567E-06
  0.976634920      0.214905262       3.88533681E-06
  0.968583167      0.248689890       5.66338213E-06
  0.959363103      0.282174528       1.41004384E-05
  0.941999078      0.335615486       3.12581687E-05
  0.929776490      0.368124545       4.73144937E-05
  0.916432381      0.400189579       7.29730891E-05
  0.892507374      0.451032847       1.67005637E-04
  0.876306653      0.481753677       2.57848471E-04
  0.859048963      0.511893392       3.87518608E-04
  0.828940272      0.559337139       7.75839784E-04
  0.809017003      0.587785244       1.16762507E-03
  0.788117886      0.615524352       1.73442264E-03
  0.752300262      0.658820391       3.19972006E-03
  0.728968620      0.684547126       4.61776461E-03
  0.704757631      0.709448099       6.59042131E-03
  0.663796067      0.747913599       1.13835083E-02
  0.637423992      0.770513237       1.57181602E-02
  0.610283017      0.792183459       2.14380231E-02
  0.564823449      0.825211763       3.44856866E-02
  0.535826802      0.844327927       4.54817973E-02
  0.506183803      0.862425625       5.91982156E-02
  0.456943184      0.889495909       8.81294087E-02
  0.425779283      0.904827058      0.110664733    
  0.394101828      0.919066787      0.136994794    
  0.341856629      0.939752102      0.187551856    
  0.309017003      0.951056540      0.223256588    
  0.275804609      0.961213708      0.261608690    
  0.221378833      0.975187898      0.326640904    
  0.187381312      0.982287228      0.366461962    
  0.153157771      0.988201737      0.403928459    
   9.74097401E-02  0.995244384      0.454704255    
   6.27905205E-02  0.998026729      0.476936609    
   2.80955620E-02  0.999605238      0.490114570    
  -2.80955620E-02  0.999605238      0.489148617    
  -6.27905205E-02  0.998026729      0.473898381    
  -9.74097401E-02  0.995244384      0.447786272    
 -0.153157771      0.988201737      0.385584772    
 -0.187381312      0.982287228      0.337963313    
 -0.221378833      0.975187898      0.286382824    
 -0.275804609      0.961213708      0.201675043    
 -0.309017003      0.951056540      0.152791992    
 -0.341856629      0.939752102      0.109186806    
 -0.394101828      0.919066787       5.34061939E-02
 -0.425779283      0.904827058       2.89054718E-02
 -0.456943184      0.889495909       1.17044616E-02
 -0.506183803      0.862425625      -3.09685525E-03
 -0.535826802      0.844327927      -6.31417893E-03
 -0.564823449      0.825211763      -6.66516181E-03
 -0.610283017      0.792183459      -4.30188561E-03
 -0.637423992      0.770513237      -2.43415870E-03
 -0.663796067      0.747913599      -8.80982494E-04
 -0.704757631      0.709448099       4.83919139E-04
 -0.728968620      0.684547126       7.13419635E-04
 -0.752300262      0.658820391       6.36543380E-04
 -0.788117886      0.615524352       2.68474047E-04
 -0.809017003      0.587785244       7.02185280E-05
 -0.828940272      0.559337139      -5.81216009E-05
 -0.859048963      0.511893392      -9.76965966E-05
 -0.876306653      0.481753677      -7.23593039E-05
 -0.892507374      0.451032847      -3.89510205E-05
 -0.916432381      0.400189579       1.34255870E-05
 -0.929776490      0.368124545       1.77330312E-05
 -0.941999078      0.335615486       1.30314165E-05
 -0.959363103      0.282174528       3.22097003E-06
 -0.968583167      0.248689890      -4.57939421E-07
 -0.976634920      0.214905262       1.70536089E-06
 -0.987164080      0.159709439      -8.56068709E-06
 -0.992114723      0.125333235      -1.69738723E-06
 -0.995868623       9.08058509E-02   5.57711701E-06
 -0.999396861       3.47256102E-02  -1.39268286E-06
  -1.00000000       1.22464685E-16  -3.97129440E-07
 -0.999396861      -3.47256102E-02  -1.39268286E-06
 -0.995868623      -9.08058509E-02   5.57711701E-06
 -0.992114723     -0.125333235      -1.69738723E-06
 -0.987164080     -0.159709439      -8.56068709E-06
 -0.976634920     -0.214905262       1.70536089E-06
 -0.968583167     -0.248689890      -4.57939421E-07
 -0.959363103     -0.282174528       3.22097003E-06
 -0.941999078     -0.335615486       1.30314165E-05
 -0.929776490     -0.368124545       1.77330312E-05
 -0.916432381     -0.400189579       1.34255870E-05
 -0.892507374     -0.451032847      -3.89510205E-05
 -0.876306653     -0.481753677      -7.23593039E-05
 -0.859048963     -0.511893392      -9.76965966E-05
 -0.828940272     -0.559337139      -5.81216009E-05
 -0.809017003     -0.587785244       7.02185280E-05
 -0.788117886     -0.615524352       2.68474047E-04
 -0.752300262     -0.658820391       6.36543380E-04
 -0.728968620     -0.684547126       7.13419635E-04
 -0.704757631     -0.709448099       4.83919139E-04
 -0.663796067     -0.747913599      -8.80982494E-04
 -0.637423992     -0.770513237      -2.43415870E-03
 -0.610283017     -0.792183459      -4.30188561E-03
 -0.564823449     -0.825211763      -6.66516181E-03
 -0.535826802     -0.844327927      -6.31417893E-03
 -0.506183803     -0.862425625      -3.09685525E-03
 -0.456943184     -0.889495909       1.17044616E-02
 -0.425779283     -0.904827058       2.89054718E-02
 -0.394101828     -0.919066787       5.34061939E-02
 -0.341856629     -0.939752102      0.109186806    
 -0.309017003     -0.951056540      0.152791992    
 -0.275804609     -0.961213708      0.201675043    
 -0.221378833     -0.975187898      0.286382824    
 -0.187381312     -0.982287228      0.337963313    
 -0.153157771     -0.988201737      0.385584772    
  -9.74097401E-02 -0.995244384      0.447786272    
  -6.27905205E-02 -0.998026729      0.473898381    
  -2.80955620E-02 -0.999605238      0.489148617    
   2.80955620E-02 -0.999605238      0.490114570    
   6.27905205E-02 -0.998026729      0.476936609    
   9.74097401E-02 -0.995244384      0.454704255    
  0.153157771     -0.988201737      0.403928459    
  0.187381312     -0.982287228      0.366461962    
  0.221378833     -0.975187898      0.326640904    
  0.275804609     -0.961213708      0.261608690    
  0.309017003     -0.951056540      0.223256588    
  0.341856629     -0.939752102      0.187551856    
  0.394101828     -0.919066787      0.136994794    
  0.425779283     -0.904827058      0.110664733    
  0.456943184     -0.889495909       8.81294087E-02
  0.506183803     -0.862425625       5.91982156E-02
  0.535826802     -0.844327927       4.54817973E-02
  0.564823449     -0.825211763       3.44856866E-02
  0.610283017     -0.792183459       2.14380231E-02
  0.637423992     -0.770513237       1.57181602E-02
  0.663796067     -0.747913599       1.13835083E-02
  0.704757631     -0.709448099       6.59042131E-03
  0.728968620     -0.684547126       4.61776461E-03
  0.752300262     -0.658820391       3.19972006E-03
  0.788117886     -0.615524352       1.73442264E-03
  0.809017003     -0.587785244       1.16762507E-03
  0.828940272     -0.559337139       7.75839784E-04
  0.859048963     -0.511893392       3.87518608E-04
  0.876306653     -0.481753677       2.57848471E-04
  0.892507374     -0.451032847       1.67005637E-04
  0.916432381     -0.400189579       7.29730891E-05
  0.929776490     -0.368124545       4.73144937E-05
  0.941999078     -0.335615486       3.12581687E-05
  0.959363103     -0.282174528       1.41004384E-05
  0.968583167     -0.248689890       5.66338213E-06
  0.976634920     -0.214905262       3.88533681E-06
  0.987164080     -0.159709439       3.05091567E-06
  0.992114723     -0.125333235       1.00903355E-06
  0.995868623      -9.08058509E-02   2.35358968E-07
  0.999396861      -3.47256102E-02   2.70403092E-07
   1.00000000      -2.44929371E-16   1.22870313E-06
