   1.00000000       0.00000000       3.02357898E-06
  0.999396861       3.47256102E-02   7.42345264E-07
  0.995868623       9.08058509E-02  -3.62478045E-06
  0.992114723      0.125333235       1.38617656E-06
  0.987164080      0.159709439       4.42964028E-06
  0.976634920      0.214905262      -4.27682016E-06
  0.968583167      0.248689890      -1.64891730E-06
  0.959363103      0.282174528       3.39822009E-06
  0.941999078      0.335615486      -4.63972810E-07
  0.929776490      0.368124545      -2.73688420E-06
  0.916432381      0.400189579      -1.02974218E-06
  0.892507374      0.451032847       3.50911637E-06
  0.876306653      0.481753677      -1.05863830E-06
  0.859048963      0.511893392      -3.93258097E-06
  0.828940272      0.559337139       3.23076029E-06
  0.809017003      0.587785244       1.89351272E-06
  0.788117886      0.615524352      -2.14888064E-06
  0.752300262      0.658820391      -6.34033313E-07
  0.728968620      0.684547126       2.06001323E-06
  0.704757631      0.709448099       1.77064817E-06
  0.663796067      0.747913599      -2.87816192E-06
  0.637423992      0.770513237      -5.79259620E-07
  0.610283017      0.792183459       2.68874442E-06
  0.564823449      0.825211763      -7.01097974E-07
  0.535826802      0.844327927      -1.88243996E-06
  0.506183803      0.862425625      -8.46475984E-07
  0.456943184      0.889495909       2.74475087E-06
  0.425779283      0.904827058      -1.40723387E-07
  0.394101828      0.919066787      -2.99295471E-06
  0.341856629      0.939752102       1.40061809E-06
  0.309017003      0.951056540       2.40736767E-06
  0.275804609      0.961213708       2.04635541E-07
  0.221378833      0.975187898      -3.39726921E-06
  0.187381312      0.982287228       1.63162622E-06
  0.153157771      0.988201737       4.33815148E-06
   9.74097401E-02  0.995244384      -3.64512312E-06
   6.27905205E-02  0.998026729      -2.98681130E-06
   2.80955620E-02  0.999605238       2.23753227E-06
  -2.80955620E-02  0.999605238       2.22016547E-06
  -6.27905205E-02  0.998026729      -2.42925171E-06
  -9.74097401E-02  0.995244384      -4.06974141E-06
 -0.153157771      0.988201737       6.38368647E-06
 -0.187381312      0.982287228       4.51702999E-06
 -0.221378833      0.975187898      -1.14923887E-06
 -0.275804609      0.961213708       1.19113647E-05
 -0.309017003      0.951056540       2.30176556E-05
 -0.341856629      0.939752102       4.10228204E-05
 -0.394101828      0.919066787       9.58256205E-05
 -0.425779283      0.904827058       1.73191875E-04
 -0.456943184      0.889495909       3.09409254E-04
 -0.506183803      0.862425625       7.09484913E-04
 -0.535826802      0.844327927       1.16852950E-03
 -0.564823449      0.825211763       1.89289870E-03
 -0.610283017      0.792183459       3.96924000E-03
 -0.637423992      0.770513237       6.11533737E-03
 -0.663796067      0.747913599       9.23639350E-03
 -0.704757631      0.709448099       1.73194464E-02
 -0.728968620      0.684547126       2.49126162E-02
 -0.752300262      0.658820391       3.51317823E-02
 -0.788117886      0.615524352       5.87855019E-02
 -0.809017003      0.587785244       7.87622407E-02
 -0.828940272      0.559337139      0.103468709    
 -0.859048963      0.511893392      0.154260159    
 -0.876306653      0.481753677      0.192403808    
 -0.892507374      0.451032847      0.235340312    
 -0.916432381      0.400189579      0.312947720    
 -0.929776490      0.368124545      0.364102751    
 -0.941999078      0.335615486      0.415946841    
 -0.959363103      0.282174528      0.497231454    
 -0.968583167      0.248689890      0.543430865    
 -0.976634920      0.214905262      0.584967136    
 -0.987164080      0.159709439      0.640087485    
 -0.992114723      0.125333235      0.665921152    
 -0.995868623       9.08058509E-02  0.685303569    
 -0.999396861       3.47256102E-02  0.703250527    
  -1.00000000       1.22464685E-16  0.706279457    
 -0.999396861      -3.47256102E-02  0.703250527    
 -0.995868623      -9.08058509E-02  0.685303569    
 -0.992114723     -0.125333235      0.665921152    
 -0.987164080     -0.159709439      0.640087485    
 -0.976634920     -0.214905262      0.584967136    
 -0.968583167     -0.248689890      0.543430865    
 -0.959363103     -0.282174528      0.497231454    
 -0.941999078     -0.335615486      0.415946841    
 -0.929776490     -0.368124545      0.364102751    
 -0.916432381     -0.400189579      0.312947720    
 -0.892507374     -0.451032847      0.235340312    
 -0.876306653     -0.481753677      0.192403808    
 -0.859048963     -0.511893392      0.154260159    
 -0.828940272     -0.559337139      0.103468709    
 -0.809017003     -0.587785244       7.87622407E-02
 -0.788117886     -0.615524352       5.87855019E-02
 -0.752300262     -0.658820391       3.51317823E-02
 -0.728968620     -0.684547126       2.49126162E-02
 -0.704757631     -0.709448099       1.73194464E-02
 -0.663796067     -0.747913599       9.23639350E-03
 -0.637423992     -0.770513237       6.11533737E-03
 -0.610283017     -0.792183459       3.96924000E-03
 -0.564823449     -0.825211763       1.89289870E-03
 -0.535826802     -0.844327927       1.16852950E-03
 -0.506183803     -0.862425625       7.09484913E-04
 -0.456943184     -0.889495909       3.09409254E-04
 -0.425779283     -0.904827058       1.73191875E-04
 -0.394101828     -0.919066787       9.58256205E-05
 -0.341856629     -0.939752102       4.10228204E-05
 -0.309017003     -0.951056540       2.30176556E-05
 -0.275804609     -0.961213708       1.19113647E-05
 -0.221378833     -0.975187898      -1.14923887E-06
 -0.187381312     -0.982287228       4.51702999E-06
 -0.153157771     -0.988201737       6.38368647E-06
  -9.74097401E-02 -0.995244384      -4.06974141E-06
  -6.27905205E-02 -0.998026729      -2.42925171E-06
  -2.80955620E-02 -0.999605238       2.22016547E-06
   2.80955620E-02 -0.999605238       2.23753227E-06
   6.27905205E-02 -0.998026729      -2.98681130E-06
   9.74097401E-02 -0.995244384      -3.64512312E-06
  0.153157771     -0.988201737       4.33815148E-06
  0.187381312     -0.982287228       1.63162622E-06
  0.221378833     -0.975187898      -3.39726921E-06
  0.275804609     -0.961213708       2.04635541E-07
  0.309017003     -0.951056540       2.40736767E-06
  0.341856629     -0.939752102       1.40061809E-06
  0.394101828     -0.919066787      -2.99295471E-06
  0.425779283     -0.904827058      -1.40723387E-07
  0.456943184     -0.889495909       2.74475087E-06
  0.506183803     -0.862425625      -8.46475984E-07
  0.535826802     -0.844327927      -1.88243996E-06
  0.564823449     -0.825211763      -7.01097974E-07
  0.610283017     -0.792183459       2.68874442E-06
  0.637423992     -0.770513237      -5.79259620E-07
  0.663796067     -0.747913599      -2.87816192E-06
  0.704757631     -0.709448099       1.77064817E-06
  0.728968620     -0.684547126       2.06001323E-06
  0.752300262     -0.658820391      -6.34033313E-07
  0.788117886     -0.615524352      -2.14888064E-06
  0.809017003     -0.587785244       1.89351272E-06
  0.828940272     -0.559337139       3.23076029E-06
  0.859048963     -0.511893392      -3.93258097E-06
  0.876306653     -0.481753677      -1.05863830E-06
  0.892507374     -0.451032847       3.50911637E-06
  0.916432381     -0.400189579      -1.02974218E-06
  0.929776490     -0.368124545      -2.73688420E-06
  0.941999078     -0.335615486      -4.63972810E-07
  0.959363103     -0.282174528       3.39822009E-06
  0.968583167     -0.248689890      -1.64891730E-06
  0.976634920     -0.214905262      -4.27682016E-06
  0.987164080     -0.159709439       4.42964028E-06
  0.992114723     -0.125333235       1.38617656E-06
  0.995868623      -9.08058509E-02  -3.62478045E-06
  0.999396861      -3.47256102E-02   7.42345264E-07
   1.00000000      -2.44929371E-16   3.02357898E-06
