   1.00000000       0.00000000      -5.58751140E-07
  0.999396861       3.47256102E-02   1.59159720E-06
  0.995868623       9.08058509E-02  -3.48331560E-06
  0.992114723      0.125333235       5.83815904E-07
  0.987164080      0.159709439       3.95942470E-06
  0.976634920      0.214905262      -3.04033892E-06
  0.968583167      0.248689890      -5.80830147E-07
  0.959363103      0.282174528       6.61840488E-07
  0.941999078      0.335615486       2.33799801E-06
  0.929776490      0.368124545      -2.82716314E-06
  0.916432381      0.400189579      -3.00293527E-06
  0.892507374      0.451032847       3.86470538E-06
  0.876306653      0.481753677       1.02338311E-06
  0.859048963      0.511893392      -3.43706756E-06
  0.828940272      0.559337139       9.14070199E-07
  0.809017003      0.587785244       4.52213817E-06
  0.788117886      0.615524352      -1.11865188E-06
  0.752300262      0.658820391      -1.48672643E-06
  0.728968620      0.684547126       8.53674237E-07
  0.704757631      0.709448099       2.16494777E-06
  0.663796067      0.747913599      -1.20217419E-06
  0.637423992      0.770513237      -1.27859084E-06
  0.610283017      0.792183459       3.39198095E-06
  0.564823449      0.825211763      -5.76827642E-06
  0.535826802      0.844327927      -5.75883041E-06
  0.506183803      0.862425625      -9.17992736E-07
  0.456943184      0.889495909       3.27571752E-06
  0.425779283      0.904827058       1.15265530E-05
  0.394101828      0.919066787       2.06011809E-05
  0.341856629      0.939752102       1.98078833E-05
  0.309017003      0.951056540      -1.07811074E-05
  0.275804609      0.961213708      -5.59491855E-05
  0.221378833      0.975187898      -1.20350582E-04
  0.187381312      0.982287228      -1.23790232E-04
  0.153157771      0.988201737      -5.97002581E-05
   9.74097401E-02  0.995244384       2.50401325E-04
   6.27905205E-02  0.998026729       5.45447518E-04
   2.80955620E-02  0.999605238       7.97384069E-04
  -2.80955620E-02  0.999605238       7.36910151E-04
  -6.27905205E-02  0.998026729       1.18704971E-04
  -9.74097401E-02  0.995244384      -1.10331865E-03
 -0.153157771      0.988201737      -4.22889413E-03
 -0.187381312      0.982287228      -6.35666400E-03
 -0.221378833      0.975187898      -7.75392028E-03
 -0.275804609      0.961213708      -5.66809205E-03
 -0.309017003      0.951056540       4.80938732E-04
 -0.341856629      0.939752102       1.20651759E-02
 -0.394101828      0.919066787       4.53137867E-02
 -0.425779283      0.904827058       7.58956969E-02
 -0.456943184      0.889495909      0.114010103    
 -0.506183803      0.862425625      0.189043999    
 -0.535826802      0.844327927      0.240781039    
 -0.564823449      0.825211763      0.293657988    
 -0.610283017      0.792183459      0.374531806    
 -0.637423992      0.770513237      0.417303622    
 -0.663796067      0.747913599      0.451796621    
 -0.704757631      0.709448099      0.486037731    
 -0.728968620      0.684547126      0.492678374    
 -0.752300262      0.658820391      0.488353133    
 -0.788117886      0.615524352      0.460466176    
 -0.809017003      0.587785244      0.432663888    
 -0.828940272      0.559337139      0.398964375    
 -0.859048963      0.511893392      0.336878240    
 -0.876306653      0.481753677      0.296721131    
 -0.892507374      0.451032847      0.257083923    
 -0.916432381      0.400189579      0.197162569    
 -0.929776490      0.368124545      0.164061666    
 -0.941999078      0.335615486      0.134558931    
 -0.959363103      0.282174528       9.48653445E-02
 -0.968583167      0.248689890       7.52161071E-02
 -0.976634920      0.214905262       5.90579025E-02
 -0.987164080      0.159709439       3.95006686E-02
 -0.992114723      0.125333235       3.09791286E-02
 -0.995868623       9.08058509E-02   2.48272233E-02
 -0.999396861       3.47256102E-02   1.93010252E-02
  -1.00000000       1.22464685E-16   1.83856823E-02
 -0.999396861      -3.47256102E-02   1.93010252E-02
 -0.995868623      -9.08058509E-02   2.48272233E-02
 -0.992114723     -0.125333235       3.09791286E-02
 -0.987164080     -0.159709439       3.95006686E-02
 -0.976634920     -0.214905262       5.90579025E-02
 -0.968583167     -0.248689890       7.52161071E-02
 -0.959363103     -0.282174528       9.48653445E-02
 -0.941999078     -0.335615486      0.134558931    
 -0.929776490     -0.368124545      0.164061666    
 -0.916432381     -0.400189579      0.197162569    
 -0.892507374     -0.451032847      0.257083923    
 -0.876306653     -0.481753677      0.296721131    
 -0.859048963     -0.511893392      0.336878240    
 -0.828940272     -0.559337139      0.398964375    
 -0.809017003     -0.587785244      0.432663888    
 -0.788117886     -0.615524352      0.460466176    
 -0.752300262     -0.658820391      0.488353133    
 -0.728968620     -0.684547126      0.492678374    
 -0.704757631     -0.709448099      0.486037731    
 -0.663796067     -0.747913599      0.451796621    
 -0.637423992     -0.770513237      0.417303622    
 -0.610283017     -0.792183459      0.374531806    
 -0.564823449     -0.825211763      0.293657988    
 -0.535826802     -0.844327927      0.240781039    
 -0.506183803     -0.862425625      0.189043999    
 -0.456943184     -0.889495909      0.114010103    
 -0.425779283     -0.904827058       7.58956969E-02
 -0.394101828     -0.919066787       4.53137867E-02
 -0.341856629     -0.939752102       1.20651759E-02
 -0.309017003     -0.951056540       4.80938732E-04
 -0.275804609     -0.961213708      -5.66809205E-03
 -0.221378833     -0.975187898      -7.75392028E-03
 -0.187381312     -0.982287228      -6.35666400E-03
 -0.153157771     -0.988201737      -4.22889413E-03
  -9.74097401E-02 -0.995244384      -1.10331865E-03
  -6.27905205E-02 -0.998026729       1.18704971E-04
  -2.80955620E-02 -0.999605238       7.36910151E-04
   2.80955620E-02 -0.999605238       7.97384069E-04
   6.27905205E-02 -0.998026729       5.45447518E-04
   9.74097401E-02 -0.995244384       2.50401325E-04
  0.153157771     -0.988201737      -5.97002581E-05
  0.187381312     -0.982287228      -1.23790232E-04
  0.221378833     -0.975187898      -1.20350582E-04
  0.275804609     -0.961213708      -5.59491855E-05
  0.309017003     -0.951056540      -1.07811074E-05
  0.341856629     -0.939752102       1.98078833E-05
  0.394101828     -0.919066787       2.06011809E-05
  0.425779283     -0.904827058       1.15265530E-05
  0.456943184     -0.889495909       3.27571752E-06
  0.506183803     -0.862425625      -9.17992736E-07
  0.535826802     -0.844327927      -5.75883041E-06
  0.564823449     -0.825211763      -5.76827642E-06
  0.610283017     -0.792183459       3.39198095E-06
  0.637423992     -0.770513237      -1.27859084E-06
  0.663796067     -0.747913599      -1.20217419E-06
  0.704757631     -0.709448099       2.16494777E-06
  0.728968620     -0.684547126       8.53674237E-07
  0.752300262     -0.658820391      -1.48672643E-06
  0.788117886     -0.615524352      -1.11865188E-06
  0.809017003     -0.587785244       4.52213817E-06
  0.828940272     -0.559337139       9.14070199E-07
  0.859048963     -0.511893392      -3.43706756E-06
  0.876306653     -0.481753677       1.02338311E-06
  0.892507374     -0.451032847       3.86470538E-06
  0.916432381     -0.400189579      -3.00293527E-06
  0.929776490     -0.368124545      -2.82716314E-06
  0.941999078     -0.335615486       2.33799801E-06
  0.959363103     -0.282174528       6.61840488E-07
  0.968583167     -0.248689890      -5.80830147E-07
  0.976634920     -0.214905262      -3.04033892E-06
  0.987164080     -0.159709439       3.95942470E-06
  0.992114723     -0.125333235       5.83815904E-07
  0.995868623      -9.08058509E-02  -3.48331560E-06
  0.999396861      -3.47256102E-02   1.59159720E-06
   1.00000000      -2.44929371E-16  -5.58751140E-07
