   1.00000000       0.00000000       1.37933273E-06
  0.999396861       3.47256102E-02   1.25828637E-06
  0.995868623       9.08058509E-02  -3.79262610E-06
  0.992114723      0.125333235       1.73024148E-06
  0.987164080      0.159709439       3.59339674E-06
  0.976634920      0.214905262      -2.71679710E-06
  0.968583167      0.248689890      -4.58440553E-07
  0.959363103      0.282174528       2.54232503E-07
  0.941999078      0.335615486       2.68103963E-06
  0.929776490      0.368124545      -3.80944857E-06
  0.916432381      0.400189579      -2.42972055E-06
  0.892507374      0.451032847       3.46713387E-06
  0.876306653      0.481753677      -1.06018797E-06
  0.859048963      0.511893392      -1.76765582E-06
  0.828940272      0.559337139      -4.27136143E-07
  0.809017003      0.587785244       3.54646340E-06
  0.788117886      0.615524352       1.11897214E-06
  0.752300262      0.658820391      -3.65365463E-06
  0.728968620      0.684547126       1.38485700E-06
  0.704757631      0.709448099       3.75577793E-06
  0.663796067      0.747913599      -2.75512389E-06
  0.637423992      0.770513237      -2.83547388E-06
  0.610283017      0.792183459       1.60586944E-06
  0.564823449      0.825211763       2.08397137E-06
  0.535826802      0.844327927      -1.72978332E-06
  0.506183803      0.862425625      -4.22749827E-06
  0.456943184      0.889495909       4.85477176E-06
  0.425779283      0.904827058       3.28928672E-06
  0.394101828      0.919066787      -5.08856010E-06
  0.341856629      0.939752102       1.33887886E-06
  0.309017003      0.951056540       2.96596613E-06
  0.275804609      0.961213708       6.21338074E-07
  0.221378833      0.975187898      -2.46505738E-06
  0.187381312      0.982287228      -2.60474280E-06
  0.153157771      0.988201737       4.33539026E-06
   9.74097401E-02  0.995244384      -2.88928413E-06
   6.27905205E-02  0.998026729      -2.71809085E-06
   2.80955620E-02  0.999605238       3.17891067E-06
  -2.80955620E-02  0.999605238      -9.48573984E-07
  -6.27905205E-02  0.998026729       1.80118184E-06
  -9.74097401E-02  0.995244384       2.59399394E-06
 -0.153157771      0.988201737       1.55935516E-06
 -0.187381312      0.982287228       4.47689587E-07
 -0.221378833      0.975187898       1.80850554E-06
 -0.275804609      0.961213708       2.20395486E-05
 -0.309017003      0.951056540       3.67654065E-05
 -0.341856629      0.939752102       5.77648498E-05
 -0.394101828      0.919066787       1.24061902E-04
 -0.425779283      0.904827058       1.71166670E-04
 -0.456943184      0.889495909       2.24988195E-04
 -0.506183803      0.862425625       4.01268509E-04
 -0.535826802      0.844327927       6.36361190E-04
 -0.564823449      0.825211763       1.03958708E-03
 -0.610283017      0.792183459       2.23787688E-03
 -0.637423992      0.770513237       3.45489988E-03
 -0.663796067      0.747913599       5.10097621E-03
 -0.704757631      0.709448099       8.70158989E-03
 -0.728968620      0.684547126       1.15192086E-02
 -0.752300262      0.658820391       1.48785133E-02
 -0.788117886      0.615524352       2.20756829E-02
 -0.809017003      0.587785244       2.84008309E-02
 -0.828940272      0.559337139       3.72252800E-02
 -0.859048963      0.511893392       6.01556376E-02
 -0.876306653      0.481753677       8.22458565E-02
 -0.892507374      0.451032847      0.112454355    
 -0.916432381      0.400189579      0.182347313    
 -0.929776490      0.368124545      0.240025431    
 -0.941999078      0.335615486      0.308788776    
 -0.959363103      0.282174528      0.440349787    
 -0.968583167      0.248689890      0.530324936    
 -0.976634920      0.214905262      0.622665286    
 -0.987164080      0.159709439      0.765846133    
 -0.992114723      0.125333235      0.843025565    
 -0.995868623       9.08058509E-02  0.906179726    
 -0.999396861       3.47256102E-02  0.969426692    
  -1.00000000       1.22464685E-16  0.980627000    
 -0.999396861      -3.47256102E-02  0.969426692    
 -0.995868623      -9.08058509E-02  0.906179726    
 -0.992114723     -0.125333235      0.843025565    
 -0.987164080     -0.159709439      0.765846133    
 -0.976634920     -0.214905262      0.622665286    
 -0.968583167     -0.248689890      0.530324936    
 -0.959363103     -0.282174528      0.440349787    
 -0.941999078     -0.335615486      0.308788776    
 -0.929776490     -0.368124545      0.240025431    
 -0.916432381     -0.400189579      0.182347313    
 -0.892507374     -0.451032847      0.112454355    
 -0.876306653     -0.481753677       8.22458565E-02
 -0.859048963     -0.511893392       6.01556376E-02
 -0.828940272     -0.559337139       3.72252800E-02
 -0.809017003     -0.587785244       2.84008309E-02
 -0.788117886     -0.615524352       2.20756829E-02
 -0.752300262     -0.658820391       1.48785133E-02
 -0.728968620     -0.684547126       1.15192086E-02
 -0.704757631     -0.709448099       8.70158989E-03
 -0.663796067     -0.747913599       5.10097621E-03
 -0.637423992     -0.770513237       3.45489988E-03
 -0.610283017     -0.792183459       2.23787688E-03
 -0.564823449     -0.825211763       1.03958708E-03
 -0.535826802     -0.844327927       6.36361190E-04
 -0.506183803     -0.862425625       4.01268509E-04
 -0.456943184     -0.889495909       2.24988195E-04
 -0.425779283     -0.904827058       1.71166670E-04
 -0.394101828     -0.919066787       1.24061902E-04
 -0.341856629     -0.939752102       5.77648498E-05
 -0.309017003     -0.951056540       3.67654065E-05
 -0.275804609     -0.961213708       2.20395486E-05
 -0.221378833     -0.975187898       1.80850554E-06
 -0.187381312     -0.982287228       4.47689587E-07
 -0.153157771     -0.988201737       1.55935516E-06
  -9.74097401E-02 -0.995244384       2.59399394E-06
  -6.27905205E-02 -0.998026729       1.80118184E-06
  -2.80955620E-02 -0.999605238      -9.48573984E-07
   2.80955620E-02 -0.999605238       3.17891067E-06
   6.27905205E-02 -0.998026729      -2.71809085E-06
   9.74097401E-02 -0.995244384      -2.88928413E-06
  0.153157771     -0.988201737       4.33539026E-06
  0.187381312     -0.982287228      -2.60474280E-06
  0.221378833     -0.975187898      -2.46505738E-06
  0.275804609     -0.961213708       6.21338074E-07
  0.309017003     -0.951056540       2.96596613E-06
  0.341856629     -0.939752102       1.33887886E-06
  0.394101828     -0.919066787      -5.08856010E-06
  0.425779283     -0.904827058       3.28928672E-06
  0.456943184     -0.889495909       4.85477176E-06
  0.506183803     -0.862425625      -4.22749827E-06
  0.535826802     -0.844327927      -1.72978332E-06
  0.564823449     -0.825211763       2.08397137E-06
  0.610283017     -0.792183459       1.60586944E-06
  0.637423992     -0.770513237      -2.83547388E-06
  0.663796067     -0.747913599      -2.75512389E-06
  0.704757631     -0.709448099       3.75577793E-06
  0.728968620     -0.684547126       1.38485700E-06
  0.752300262     -0.658820391      -3.65365463E-06
  0.788117886     -0.615524352       1.11897214E-06
  0.809017003     -0.587785244       3.54646340E-06
  0.828940272     -0.559337139      -4.27136143E-07
  0.859048963     -0.511893392      -1.76765582E-06
  0.876306653     -0.481753677      -1.06018797E-06
  0.892507374     -0.451032847       3.46713387E-06
  0.916432381     -0.400189579      -2.42972055E-06
  0.929776490     -0.368124545      -3.80944857E-06
  0.941999078     -0.335615486       2.68103963E-06
  0.959363103     -0.282174528       2.54232503E-07
  0.968583167     -0.248689890      -4.58440553E-07
  0.976634920     -0.214905262      -2.71679710E-06
  0.987164080     -0.159709439       3.59339674E-06
  0.992114723     -0.125333235       1.73024148E-06
  0.995868623      -9.08058509E-02  -3.79262610E-06
  0.999396861      -3.47256102E-02   1.25828637E-06
   1.00000000      -2.44929371E-16   1.37933273E-06
