   1.00000000       0.00000000      -6.31140429E-04
  0.999396861       3.47256102E-02  -6.25913730E-04
  0.995868623       9.08058509E-02  -4.91618062E-04
  0.992114723      0.125333235      -1.81354262E-04
  0.987164080      0.159709439       3.94663424E-04
  0.976634920      0.214905262       1.79840473E-03
  0.968583167      0.248689890       2.64373142E-03
  0.959363103      0.282174528       3.07129882E-03
  0.941999078      0.335615486       1.86457101E-03
  0.929776490      0.368124545      -5.62652480E-04
  0.916432381      0.400189579      -4.33038035E-03
  0.892507374      0.451032847      -1.21926991E-02
  0.876306653      0.481753677      -1.66950189E-02
  0.859048963      0.511893392      -1.93225946E-02
  0.828940272      0.559337139      -1.54161174E-02
  0.809017003      0.587785244      -5.32821659E-03
  0.788117886      0.615524352       1.22215645E-02
  0.752300262      0.658820391       5.80761731E-02
  0.728968620      0.684547126       9.69663635E-02
  0.704757631      0.709448099      0.142711759    
  0.663796067      0.747913599      0.226392329    
  0.637423992      0.770513237      0.280141503    
  0.610283017      0.792183459      0.332163095    
  0.564823449      0.825211763      0.405958682    
  0.535826802      0.844327927      0.441568404    
  0.506183803      0.862425625      0.467563361    
  0.456943184      0.889495909      0.487266451    
  0.425779283      0.904827058      0.485609919    
  0.394101828      0.919066787      0.474181563    
  0.341856629      0.939752102      0.438178331    
  0.309017003      0.951056540      0.407660514    
  0.275804609      0.961213708      0.372916132    
  0.221378833      0.975187898      0.312049031    
  0.187381312      0.982287228      0.273963600    
  0.153157771      0.988201737      0.237014592    
   9.74097401E-02  0.995244384      0.181988627    
   6.27905205E-02  0.998026729      0.151851460    
   2.80955620E-02  0.999605238      0.125049189    
  -2.80955620E-02  0.999605238       8.89148563E-02
  -6.27905205E-02  0.998026729       7.08593726E-02
  -9.74097401E-02  0.995244384       5.58114089E-02
 -0.153157771      0.988201737       3.70007008E-02
 -0.187381312      0.982287228       2.82662418E-02
 -0.221378833      0.975187898       2.13648751E-02
 -0.275804609      0.961213708       1.32782990E-02
 -0.309017003      0.951056540       9.76008363E-03
 -0.341856629      0.939752102       7.09234038E-03
 -0.394101828      0.919066787       4.14471328E-03
 -0.425779283      0.904827058       2.94416933E-03
 -0.456943184      0.889495909       2.06299499E-03
 -0.506183803      0.862425625       1.13334809E-03
 -0.535826802      0.844327927       7.77503941E-04
 -0.564823449      0.825211763       5.28973760E-04
 -0.610283017      0.792183459       2.75818980E-04
 -0.637423992      0.770513237       1.79179173E-04
 -0.663796067      0.747913599       1.18576623E-04
 -0.704757631      0.709448099       6.12015647E-05
 -0.728968620      0.684547126       3.54386175E-05
 -0.752300262      0.658820391       2.31066733E-05
 -0.788117886      0.615524352       1.24834060E-05
 -0.809017003      0.587785244       7.81075050E-06
 -0.828940272      0.559337139       3.23043696E-06
 -0.859048963      0.511893392       1.16076410E-06
 -0.876306653      0.481753677       5.21627908E-06
 -0.892507374      0.451032847       1.29810940E-06
 -0.916432381      0.400189579      -2.29272246E-06
 -0.929776490      0.368124545      -2.84800819E-07
 -0.941999078      0.335615486       2.99258022E-06
 -0.959363103      0.282174528      -2.28452706E-07
 -0.968583167      0.248689890      -5.19218065E-06
 -0.976634920      0.214905262      -2.53281968E-07
 -0.987164080      0.159709439       3.22909932E-06
 -0.992114723      0.125333235       1.92149102E-07
 -0.995868623       9.08058509E-02  -3.42461772E-06
 -0.999396861       3.47256102E-02   3.88305324E-07
  -1.00000000       1.22464685E-16   5.46958472E-06
 -0.999396861      -3.47256102E-02   3.88305324E-07
 -0.995868623      -9.08058509E-02  -3.42461772E-06
 -0.992114723     -0.125333235       1.92149102E-07
 -0.987164080     -0.159709439       3.22909932E-06
 -0.976634920     -0.214905262      -2.53281968E-07
 -0.968583167     -0.248689890      -5.19218065E-06
 -0.959363103     -0.282174528      -2.28452706E-07
 -0.941999078     -0.335615486       2.99258022E-06
 -0.929776490     -0.368124545      -2.84800819E-07
 -0.916432381     -0.400189579      -2.29272246E-06
 -0.892507374     -0.451032847       1.29810940E-06
 -0.876306653     -0.481753677       5.21627908E-06
 -0.859048963     -0.511893392       1.16076410E-06
 -0.828940272     -0.559337139       3.23043696E-06
 -0.809017003     -0.587785244       7.81075050E-06
 -0.788117886     -0.615524352       1.24834060E-05
 -0.752300262     -0.658820391       2.31066733E-05
 -0.728968620     -0.684547126       3.54386175E-05
 -0.704757631     -0.709448099       6.12015647E-05
 -0.663796067     -0.747913599       1.18576623E-04
 -0.637423992     -0.770513237       1.79179173E-04
 -0.610283017     -0.792183459       2.75818980E-04
 -0.564823449     -0.825211763       5.28973760E-04
 -0.535826802     -0.844327927       7.77503941E-04
 -0.506183803     -0.862425625       1.13334809E-03
 -0.456943184     -0.889495909       2.06299499E-03
 -0.425779283     -0.904827058       2.94416933E-03
 -0.394101828     -0.919066787       4.14471328E-03
 -0.341856629     -0.939752102       7.09234038E-03
 -0.309017003     -0.951056540       9.76008363E-03
 -0.275804609     -0.961213708       1.32782990E-02
 -0.221378833     -0.975187898       2.13648751E-02
 -0.187381312     -0.982287228       2.82662418E-02
 -0.153157771     -0.988201737       3.70007008E-02
  -9.74097401E-02 -0.995244384       5.58114089E-02
  -6.27905205E-02 -0.998026729       7.08593726E-02
  -2.80955620E-02 -0.999605238       8.89148563E-02
   2.80955620E-02 -0.999605238      0.125049189    
   6.27905205E-02 -0.998026729      0.151851460    
   9.74097401E-02 -0.995244384      0.181988627    
  0.153157771     -0.988201737      0.237014592    
  0.187381312     -0.982287228      0.273963600    
  0.221378833     -0.975187898      0.312049031    
  0.275804609     -0.961213708      0.372916132    
  0.309017003     -0.951056540      0.407660514    
  0.341856629     -0.939752102      0.438178331    
  0.394101828     -0.919066787      0.474181563    
  0.425779283     -0.904827058      0.485609919    
  0.456943184     -0.889495909      0.487266451    
  0.506183803     -0.862425625      0.467563361    
  0.535826802     -0.844327927      0.441568404    
  0.564823449     -0.825211763      0.405958682    
  0.610283017     -0.792183459      0.332163095    
  0.637423992     -0.770513237      0.280141503    
  0.663796067     -0.747913599      0.226392329    
  0.704757631     -0.709448099      0.142711759    
  0.728968620     -0.684547126       9.69663635E-02
  0.752300262     -0.658820391       5.80761731E-02
  0.788117886     -0.615524352       1.22215645E-02
  0.809017003     -0.587785244      -5.32821659E-03
  0.828940272     -0.559337139      -1.54161174E-02
  0.859048963     -0.511893392      -1.93225946E-02
  0.876306653     -0.481753677      -1.66950189E-02
  0.892507374     -0.451032847      -1.21926991E-02
  0.916432381     -0.400189579      -4.33038035E-03
  0.929776490     -0.368124545      -5.62652480E-04
  0.941999078     -0.335615486       1.86457101E-03
  0.959363103     -0.282174528       3.07129882E-03
  0.968583167     -0.248689890       2.64373142E-03
  0.976634920     -0.214905262       1.79840473E-03
  0.987164080     -0.159709439       3.94663424E-04
  0.992114723     -0.125333235      -1.81354262E-04
  0.995868623      -9.08058509E-02  -4.91618062E-04
  0.999396861      -3.47256102E-02  -6.25913730E-04
   1.00000000      -2.44929371E-16  -6.31140429E-04
