   1.00000000       0.00000000      0.983431816    
  0.999396861       3.47256102E-02  0.972856700    
  0.995868623       9.08058509E-02  0.912834167    
  0.992114723      0.125333235      0.852414668    
  0.987164080      0.159709439      0.777895331    
  0.976634920      0.214905262      0.637460828    
  0.968583167      0.248689890      0.545202553    
  0.959363103      0.282174528      0.453829825    
  0.941999078      0.335615486      0.317168951    
  0.929776490      0.368124545      0.244075075    
  0.916432381      0.400189579      0.181747139    
  0.892507374      0.451032847      0.104998879    
  0.876306653      0.481753677       7.16741160E-02
  0.859048963      0.511893392       4.76410873E-02
  0.828940272      0.559337139       2.41177995E-02
  0.809017003      0.587785244       1.62241869E-02
  0.788117886      0.615524352       1.15057118E-02
  0.752300262      0.658820391       7.55294599E-03
  0.728968620      0.684547126       6.11536624E-03
  0.704757631      0.709448099       4.93878732E-03
  0.663796067      0.747913599       3.23547935E-03
  0.637423992      0.770513237       2.30934774E-03
  0.610283017      0.792183459       1.53253356E-03
  0.564823449      0.825211763       6.48480549E-04
  0.535826802      0.844327927       3.44330445E-04
  0.506183803      0.862425625       1.78392409E-04
  0.456943184      0.889495909       6.39761056E-05
  0.425779283      0.904827058       5.53400532E-05
  0.394101828      0.919066787       5.10547907E-05
  0.341856629      0.939752102       3.79713892E-05
  0.309017003      0.951056540       2.53231956E-05
  0.275804609      0.961213708       8.26377891E-06
  0.221378833      0.975187898       8.64080084E-06
  0.187381312      0.982287228      -1.24114899E-06
  0.153157771      0.988201737      -5.14643125E-06
   9.74097401E-02  0.995244384       5.15528939E-07
   6.27905205E-02  0.998026729      -2.03207847E-07
   2.80955620E-02  0.999605238       5.35064419E-06
  -2.80955620E-02  0.999605238      -6.14008422E-06
  -6.27905205E-02  0.998026729      -3.36882323E-07
  -9.74097401E-02  0.995244384       4.87177476E-06
 -0.153157771      0.988201737      -9.49506614E-07
 -0.187381312      0.982287228      -4.61686170E-07
 -0.221378833      0.975187898      -3.96914993E-06
 -0.275804609      0.961213708       6.20860101E-06
 -0.309017003      0.951056540       2.37138991E-07
 -0.341856629      0.939752102      -5.26091662E-06
 -0.394101828      0.919066787       1.73782485E-06
 -0.425779283      0.904827058       1.70510873E-06
 -0.456943184      0.889495909       1.66568225E-06
 -0.506183803      0.862425625      -3.76666571E-06
 -0.535826802      0.844327927      -6.49109850E-08
 -0.564823449      0.825211763       3.23655695E-06
 -0.610283017      0.792183459      -1.28348847E-06
 -0.637423992      0.770513237      -9.56305939E-07
 -0.663796067      0.747913599       2.03396944E-08
 -0.704757631      0.709448099       1.67602863E-07
 -0.728968620      0.684547126       1.49853872E-06
 -0.752300262      0.658820391      -2.15951168E-08
 -0.788117886      0.615524352      -1.18742287E-06
 -0.809017003      0.587785244       2.72877401E-08
 -0.828940272      0.559337139       1.00871046E-06
 -0.859048963      0.511893392       1.14428985E-06
 -0.876306653      0.481753677      -3.36898370E-06
 -0.892507374      0.451032847      -2.10768144E-06
 -0.916432381      0.400189579       3.97241365E-06
 -0.929776490      0.368124545       9.34732540E-08
 -0.941999078      0.335615486      -3.06800007E-06
 -0.959363103      0.282174528      -2.05604394E-07
 -0.968583167      0.248689890       3.58291209E-06
 -0.976634920      0.214905262       2.26164593E-06
 -0.987164080      0.159709439      -5.02307284E-06
 -0.992114723      0.125333235       1.28915630E-07
 -0.995868623       9.08058509E-02   4.65618541E-06
 -0.999396861       3.47256102E-02  -1.38669918E-06
  -1.00000000       1.22464685E-16  -3.43770080E-06
 -0.999396861      -3.47256102E-02  -1.38669918E-06
 -0.995868623      -9.08058509E-02   4.65618541E-06
 -0.992114723     -0.125333235       1.28915630E-07
 -0.987164080     -0.159709439      -5.02307284E-06
 -0.976634920     -0.214905262       2.26164593E-06
 -0.968583167     -0.248689890       3.58291209E-06
 -0.959363103     -0.282174528      -2.05604380E-07
 -0.941999078     -0.335615486      -3.06800007E-06
 -0.929776490     -0.368124545       9.34732611E-08
 -0.916432381     -0.400189579       3.97241365E-06
 -0.892507374     -0.451032847      -2.10768144E-06
 -0.876306653     -0.481753677      -3.36898370E-06
 -0.859048963     -0.511893392       1.14428985E-06
 -0.828940272     -0.559337139       1.00871046E-06
 -0.809017003     -0.587785244       2.72877418E-08
 -0.788117886     -0.615524352      -1.18742287E-06
 -0.752300262     -0.658820391      -2.15951168E-08
 -0.728968620     -0.684547126       1.49853872E-06
 -0.704757631     -0.709448099       1.67602863E-07
 -0.663796067     -0.747913599       2.03396944E-08
 -0.637423992     -0.770513237      -9.56305939E-07
 -0.610283017     -0.792183459      -1.28348847E-06
 -0.564823449     -0.825211763       3.23655695E-06
 -0.535826802     -0.844327927      -6.49109850E-08
 -0.506183803     -0.862425625      -3.76666571E-06
 -0.456943184     -0.889495909       1.66568225E-06
 -0.425779283     -0.904827058       1.70510873E-06
 -0.394101828     -0.919066787       1.73782485E-06
 -0.341856629     -0.939752102      -5.26091662E-06
 -0.309017003     -0.951056540       2.37138991E-07
 -0.275804609     -0.961213708       6.20860101E-06
 -0.221378833     -0.975187898      -3.96914993E-06
 -0.187381312     -0.982287228      -4.61686170E-07
 -0.153157771     -0.988201737      -9.49506614E-07
  -9.74097401E-02 -0.995244384       4.87177476E-06
  -6.27905205E-02 -0.998026729      -3.36882323E-07
  -2.80955620E-02 -0.999605238      -6.14008422E-06
   2.80955620E-02 -0.999605238       5.35064419E-06
   6.27905205E-02 -0.998026729      -2.03207847E-07
   9.74097401E-02 -0.995244384       5.15528939E-07
  0.153157771     -0.988201737      -5.14643125E-06
  0.187381312     -0.982287228      -1.24114899E-06
  0.221378833     -0.975187898       8.64080084E-06
  0.275804609     -0.961213708       8.26377891E-06
  0.309017003     -0.951056540       2.53231956E-05
  0.341856629     -0.939752102       3.79713892E-05
  0.394101828     -0.919066787       5.10547907E-05
  0.425779283     -0.904827058       5.53400532E-05
  0.456943184     -0.889495909       6.39761056E-05
  0.506183803     -0.862425625       1.78392409E-04
  0.535826802     -0.844327927       3.44330445E-04
  0.564823449     -0.825211763       6.48480549E-04
  0.610283017     -0.792183459       1.53253356E-03
  0.637423992     -0.770513237       2.30934774E-03
  0.663796067     -0.747913599       3.23547935E-03
  0.704757631     -0.709448099       4.93878732E-03
  0.728968620     -0.684547126       6.11536624E-03
  0.752300262     -0.658820391       7.55294599E-03
  0.788117886     -0.615524352       1.15057118E-02
  0.809017003     -0.587785244       1.62241869E-02
  0.828940272     -0.559337139       2.41177995E-02
  0.859048963     -0.511893392       4.76410873E-02
  0.876306653     -0.481753677       7.16741160E-02
  0.892507374     -0.451032847      0.104998879    
  0.916432381     -0.400189579      0.181747139    
  0.929776490     -0.368124545      0.244075075    
  0.941999078     -0.335615486      0.317168951    
  0.959363103     -0.282174528      0.453829825    
  0.968583167     -0.248689890      0.545202553    
  0.976634920     -0.214905262      0.637460828    
  0.987164080     -0.159709439      0.777895331    
  0.992114723     -0.125333235      0.852414668    
  0.995868623      -9.08058509E-02  0.912834167    
  0.999396861      -3.47256102E-02  0.972856700    
   1.00000000      -2.44929371E-16  0.983431816    
