   1.00000000       0.00000000      -7.47047852E-06
  0.999396861       3.47256102E-02   4.15011129E-07
  0.995868623       9.08058509E-02   3.01874184E-06
  0.992114723      0.125333235      -2.24424684E-06
  0.987164080      0.159709439      -2.02085857E-06
  0.976634920      0.214905262      -1.75263537E-07
  0.968583167      0.248689890       5.95440270E-06
  0.959363103      0.282174528      -3.96999468E-07
  0.941999078      0.335615486      -2.36319238E-06
  0.929776490      0.368124545       4.32559318E-06
  0.916432381      0.400189579      -6.24906420E-07
  0.892507374      0.451032847       1.89268462E-06
  0.876306653      0.481753677      -2.36895153E-06
  0.859048963      0.511893392      -2.02449837E-06
  0.828940272      0.559337139       2.38100915E-06
  0.809017003      0.587785244      -1.56778344E-06
  0.788117886      0.615524352       1.33221602E-06
  0.752300262      0.658820391      -4.29437796E-06
  0.728968620      0.684547126      -2.34225581E-08
  0.704757631      0.709448099       5.48429671E-06
  0.663796067      0.747913599      -4.16586545E-06
  0.637423992      0.770513237      -2.54894417E-06
  0.610283017      0.792183459       3.73259286E-06
  0.564823449      0.825211763       5.07449658E-06
  0.535826802      0.844327927      -3.04797527E-06
  0.506183803      0.862425625      -1.18528806E-05
  0.456943184      0.889495909      -3.66866357E-06
  0.425779283      0.904827058      -1.01022624E-06
  0.394101828      0.919066787      -1.57440718E-06
  0.341856629      0.939752102       3.02883673E-05
  0.309017003      0.951056540       4.81956704E-05
  0.275804609      0.961213708       4.43120625E-05
  0.221378833      0.975187898      -3.15066754E-05
  0.187381312      0.982287228      -1.10036592E-04
  0.153157771      0.988201737      -1.85502620E-04
   9.74097401E-02  0.995244384      -2.24090574E-04
   6.27905205E-02  0.998026729      -9.71197078E-05
   2.80955620E-02  0.999605238       1.83190627E-04
  -2.80955620E-02  0.999605238       8.79910949E-04
  -6.27905205E-02  0.998026729       1.27375370E-03
  -9.74097401E-02  0.995244384       1.38656399E-03
 -0.153157771      0.988201737       3.74747498E-04
 -0.187381312      0.982287228      -1.30423671E-03
 -0.221378833      0.975187898      -3.76962847E-03
 -0.275804609      0.961213708      -8.50812625E-03
 -0.309017003      0.951056540      -1.06850443E-02
 -0.341856629      0.939752102      -1.08689358E-02
 -0.394101828      0.919066787      -3.25151160E-03
 -0.425779283      0.904827058       8.74825753E-03
 -0.456943184      0.889495909       2.78160404E-02
 -0.506183803      0.862425625       7.52947778E-02
 -0.535826802      0.844327927      0.114723139    
 -0.564823449      0.825211763      0.160655573    
 -0.610283017      0.792183459      0.243991315    
 -0.637423992      0.770513237      0.297128707    
 -0.663796067      0.747913599      0.348182201    
 -0.704757631      0.709448099      0.419519484    
 -0.728968620      0.684547126      0.453027725    
 -0.752300262      0.658820391      0.476491481    
 -0.788117886      0.615524352      0.491292506    
 -0.809017003      0.587785244      0.486278892    
 -0.828940272      0.559337139      0.471421301    
 -0.859048963      0.511893392      0.430144787    
 -0.876306653      0.481753677      0.396764338    
 -0.892507374      0.451032847      0.359634280    
 -0.916432381      0.400189579      0.296171874    
 -0.929776490      0.368124545      0.257317245    
 -0.941999078      0.335615486      0.220267132    
 -0.959363103      0.282174528      0.166414544    
 -0.968583167      0.248689890      0.137780458    
 -0.976634920      0.214905262      0.113041565    
 -0.987164080      0.159709439       8.14214572E-02
 -0.992114723      0.125333235       6.69612139E-02
 -0.995868623       9.08058509E-02   5.62103428E-02
 -0.999396861       3.47256102E-02   4.62897420E-02
  -1.00000000       1.22464685E-16   4.46118861E-02
 -0.999396861      -3.47256102E-02   4.62897420E-02
 -0.995868623      -9.08058509E-02   5.62103428E-02
 -0.992114723     -0.125333235       6.69612139E-02
 -0.987164080     -0.159709439       8.14214572E-02
 -0.976634920     -0.214905262      0.113041565    
 -0.968583167     -0.248689890      0.137780458    
 -0.959363103     -0.282174528      0.166414544    
 -0.941999078     -0.335615486      0.220267132    
 -0.929776490     -0.368124545      0.257317245    
 -0.916432381     -0.400189579      0.296171874    
 -0.892507374     -0.451032847      0.359634280    
 -0.876306653     -0.481753677      0.396764338    
 -0.859048963     -0.511893392      0.430144787    
 -0.828940272     -0.559337139      0.471421301    
 -0.809017003     -0.587785244      0.486278892    
 -0.788117886     -0.615524352      0.491292506    
 -0.752300262     -0.658820391      0.476491481    
 -0.728968620     -0.684547126      0.453027725    
 -0.704757631     -0.709448099      0.419519484    
 -0.663796067     -0.747913599      0.348182201    
 -0.637423992     -0.770513237      0.297128707    
 -0.610283017     -0.792183459      0.243991315    
 -0.564823449     -0.825211763      0.160655573    
 -0.535826802     -0.844327927      0.114723139    
 -0.506183803     -0.862425625       7.52947778E-02
 -0.456943184     -0.889495909       2.78160404E-02
 -0.425779283     -0.904827058       8.74825753E-03
 -0.394101828     -0.919066787      -3.25151160E-03
 -0.341856629     -0.939752102      -1.08689358E-02
 -0.309017003     -0.951056540      -1.06850443E-02
 -0.275804609     -0.961213708      -8.50812625E-03
 -0.221378833     -0.975187898      -3.76962847E-03
 -0.187381312     -0.982287228      -1.30423671E-03
 -0.153157771     -0.988201737       3.74747498E-04
  -9.74097401E-02 -0.995244384       1.38656399E-03
  -6.27905205E-02 -0.998026729       1.27375370E-03
  -2.80955620E-02 -0.999605238       8.79910949E-04
   2.80955620E-02 -0.999605238       1.83190627E-04
   6.27905205E-02 -0.998026729      -9.71197078E-05
   9.74097401E-02 -0.995244384      -2.24090574E-04
  0.153157771     -0.988201737      -1.85502620E-04
  0.187381312     -0.982287228      -1.10036592E-04
  0.221378833     -0.975187898      -3.15066754E-05
  0.275804609     -0.961213708       4.43120625E-05
  0.309017003     -0.951056540       4.81956704E-05
  0.341856629     -0.939752102       3.02883673E-05
  0.394101828     -0.919066787      -1.57440718E-06
  0.425779283     -0.904827058      -1.01022624E-06
  0.456943184     -0.889495909      -3.66866357E-06
  0.506183803     -0.862425625      -1.18528806E-05
  0.535826802     -0.844327927      -3.04797527E-06
  0.564823449     -0.825211763       5.07449658E-06
  0.610283017     -0.792183459       3.73259286E-06
  0.637423992     -0.770513237      -2.54894417E-06
  0.663796067     -0.747913599      -4.16586545E-06
  0.704757631     -0.709448099       5.48429671E-06
  0.728968620     -0.684547126      -2.34225563E-08
  0.752300262     -0.658820391      -4.29437796E-06
  0.788117886     -0.615524352       1.33221602E-06
  0.809017003     -0.587785244      -1.56778344E-06
  0.828940272     -0.559337139       2.38100915E-06
  0.859048963     -0.511893392      -2.02449837E-06
  0.876306653     -0.481753677      -2.36895153E-06
  0.892507374     -0.451032847       1.89268462E-06
  0.916432381     -0.400189579      -6.24906420E-07
  0.929776490     -0.368124545       4.32559318E-06
  0.941999078     -0.335615486      -2.36319238E-06
  0.959363103     -0.282174528      -3.96999468E-07
  0.968583167     -0.248689890       5.95440270E-06
  0.976634920     -0.214905262      -1.75263537E-07
  0.987164080     -0.159709439      -2.02085857E-06
  0.992114723     -0.125333235      -2.24424707E-06
  0.995868623      -9.08058509E-02   3.01874184E-06
  0.999396861      -3.47256102E-02   4.15011129E-07
   1.00000000      -2.44929371E-16  -7.47047852E-06
