   1.00000000       0.00000000       1.05024601E-05
  0.999396861       3.47256102E-02  -1.80807035E-06
  0.995868623       9.08058509E-02  -7.64103106E-07
  0.992114723      0.125333235       4.07418014E-07
  0.987164080      0.159709439      -7.81880260E-07
  0.976634920      0.214905262       4.70005398E-06
  0.968583167      0.248689890      -9.35270782E-06
  0.959363103      0.282174528      -2.42553870E-06
  0.941999078      0.335615486       4.78418269E-06
  0.929776490      0.368124545      -1.97713553E-06
  0.916432381      0.400189579      -1.47492892E-06
  0.892507374      0.451032847      -2.77781510E-06
  0.876306653      0.481753677       6.10615416E-06
  0.859048963      0.511893392       3.51647827E-06
  0.828940272      0.559337139      -6.08142318E-06
  0.809017003      0.587785244       3.02046215E-06
  0.788117886      0.615524352       2.72647253E-06
  0.752300262      0.658820391      -1.36756853E-07
  0.728968620      0.684547126      -1.78533435E-06
  0.704757631      0.709448099      -1.60012848E-06
  0.663796067      0.747913599       2.79610958E-06
  0.637423992      0.770513237      -2.14611669E-06
  0.610283017      0.792183459      -4.75213284E-07
  0.564823449      0.825211763      -5.17264084E-07
  0.535826802      0.844327927      -4.58158695E-07
  0.506183803      0.862425625       1.07335018E-06
  0.456943184      0.889495909       3.93514455E-07
  0.425779283      0.904827058       3.77123257E-08
  0.394101828      0.919066787      -2.91820538E-06
  0.341856629      0.939752102       3.80490405E-06
  0.309017003      0.951056540       5.12588770E-07
  0.275804609      0.961213708      -2.77021195E-06
  0.221378833      0.975187898       1.02301399E-07
  0.187381312      0.982287228       5.26785357E-07
  0.153157771      0.988201737       3.25932751E-06
   9.74097401E-02  0.995244384      -4.19215394E-06
   6.27905205E-02  0.998026729       7.29492911E-07
   2.80955620E-02  0.999605238       3.92474158E-06
  -2.80955620E-02  0.999605238       5.55320185E-07
  -6.27905205E-02  0.998026729       5.03102729E-06
  -9.74097401E-02  0.995244384       6.72627448E-06
 -0.153157771      0.988201737       1.75769237E-05
 -0.187381312      0.982287228       2.29804173E-05
 -0.221378833      0.975187898       3.45582557E-05
 -0.275804609      0.961213708       7.14489797E-05
 -0.309017003      0.951056540       1.14703325E-04
 -0.341856629      0.939752102       1.90286111E-04
 -0.394101828      0.919066787       4.05330327E-04
 -0.425779283      0.904827058       6.20178645E-04
 -0.456943184      0.889495909       9.15261626E-04
 -0.506183803      0.862425625       1.65559549E-03
 -0.535826802      0.844327927       2.34524696E-03
 -0.564823449      0.825211763       3.32274917E-03
 -0.610283017      0.792183459       5.87932579E-03
 -0.637423992      0.770513237       8.36644229E-03
 -0.663796067      0.747913599       1.18326228E-02
 -0.704757631      0.709448099       2.01125629E-02
 -0.728968620      0.684547126       2.72402074E-02
 -0.752300262      0.658820391       3.61030772E-02
 -0.788117886      0.615524352       5.44706434E-02
 -0.809017003      0.587785244       6.85401261E-02
 -0.828940272      0.559337139       8.49766210E-02
 -0.859048963      0.511893392      0.117734395    
 -0.876306653      0.481753677      0.142850980    
 -0.892507374      0.451032847      0.172778636    
 -0.916432381      0.400189579      0.233869806    
 -0.929776490      0.368124545      0.280772179    
 -0.941999078      0.335615486      0.335114211    
 -0.959363103      0.282174528      0.437667787    
 -0.968583167      0.248689890      0.507911682    
 -0.976634920      0.214905262      0.580504239    
 -0.987164080      0.159709439      0.694493651    
 -0.992114723      0.125333235      0.756754994    
 -0.995868623       9.08058509E-02  0.808145225    
 -0.999396861       3.47256102E-02  0.860005021    
  -1.00000000       1.22464685E-16  0.869218946    
 -0.999396861      -3.47256102E-02  0.860005021    
 -0.995868623      -9.08058509E-02  0.808145225    
 -0.992114723     -0.125333235      0.756754994    
 -0.987164080     -0.159709439      0.694493651    
 -0.976634920     -0.214905262      0.580504239    
 -0.968583167     -0.248689890      0.507911682    
 -0.959363103     -0.282174528      0.437667787    
 -0.941999078     -0.335615486      0.335114211    
 -0.929776490     -0.368124545      0.280772179    
 -0.916432381     -0.400189579      0.233869806    
 -0.892507374     -0.451032847      0.172778636    
 -0.876306653     -0.481753677      0.142850980    
 -0.859048963     -0.511893392      0.117734395    
 -0.828940272     -0.559337139       8.49766210E-02
 -0.809017003     -0.587785244       6.85401261E-02
 -0.788117886     -0.615524352       5.44706434E-02
 -0.752300262     -0.658820391       3.61030772E-02
 -0.728968620     -0.684547126       2.72402074E-02
 -0.704757631     -0.709448099       2.01125629E-02
 -0.663796067     -0.747913599       1.18326228E-02
 -0.637423992     -0.770513237       8.36644229E-03
 -0.610283017     -0.792183459       5.87932579E-03
 -0.564823449     -0.825211763       3.32274917E-03
 -0.535826802     -0.844327927       2.34524696E-03
 -0.506183803     -0.862425625       1.65559549E-03
 -0.456943184     -0.889495909       9.15261626E-04
 -0.425779283     -0.904827058       6.20178645E-04
 -0.394101828     -0.919066787       4.05330327E-04
 -0.341856629     -0.939752102       1.90286111E-04
 -0.309017003     -0.951056540       1.14703325E-04
 -0.275804609     -0.961213708       7.14489797E-05
 -0.221378833     -0.975187898       3.45582557E-05
 -0.187381312     -0.982287228       2.29804173E-05
 -0.153157771     -0.988201737       1.75769237E-05
  -9.74097401E-02 -0.995244384       6.72627448E-06
  -6.27905205E-02 -0.998026729       5.03102729E-06
  -2.80955620E-02 -0.999605238       5.55320185E-07
   2.80955620E-02 -0.999605238       3.92474158E-06
   6.27905205E-02 -0.998026729       7.29492911E-07
   9.74097401E-02 -0.995244384      -4.19215394E-06
  0.153157771     -0.988201737       3.25932751E-06
  0.187381312     -0.982287228       5.26785357E-07
  0.221378833     -0.975187898       1.02301399E-07
  0.275804609     -0.961213708      -2.77021195E-06
  0.309017003     -0.951056540       5.12588770E-07
  0.341856629     -0.939752102       3.80490405E-06
  0.394101828     -0.919066787      -2.91820538E-06
  0.425779283     -0.904827058       3.77123257E-08
  0.456943184     -0.889495909       3.93514455E-07
  0.506183803     -0.862425625       1.07335018E-06
  0.535826802     -0.844327927      -4.58158695E-07
  0.564823449     -0.825211763      -5.17264084E-07
  0.610283017     -0.792183459      -4.75213284E-07
  0.637423992     -0.770513237      -2.14611669E-06
  0.663796067     -0.747913599       2.79610958E-06
  0.704757631     -0.709448099      -1.60012848E-06
  0.728968620     -0.684547126      -1.78533435E-06
  0.752300262     -0.658820391      -1.36756853E-07
  0.788117886     -0.615524352       2.72647253E-06
  0.809017003     -0.587785244       3.02046215E-06
  0.828940272     -0.559337139      -6.08142318E-06
  0.859048963     -0.511893392       3.51647827E-06
  0.876306653     -0.481753677       6.10615416E-06
  0.892507374     -0.451032847      -2.77781510E-06
  0.916432381     -0.400189579      -1.47492892E-06
  0.929776490     -0.368124545      -1.97713553E-06
  0.941999078     -0.335615486       4.78418269E-06
  0.959363103     -0.282174528      -2.42553870E-06
  0.968583167     -0.248689890      -9.35270782E-06
  0.976634920     -0.214905262       4.70005398E-06
  0.987164080     -0.159709439      -7.81880260E-07
  0.992114723     -0.125333235       4.07418014E-07
  0.995868623      -9.08058509E-02  -7.64103106E-07
  0.999396861      -3.47256102E-02  -1.80807035E-06
   1.00000000      -2.44929371E-16   1.05024601E-05
