   1.00000000       0.00000000       4.64255527E-06
  0.999396861       3.47256102E-02   5.76630271E-07
  0.995868623       9.08058509E-02  -3.58356556E-06
  0.992114723      0.125333235      -7.50818515E-07
  0.987164080      0.159709439       4.91610717E-06
  0.976634920      0.214905262      -2.89097602E-06
  0.968583167      0.248689890      -5.01541035E-06
  0.959363103      0.282174528       2.57919214E-06
  0.941999078      0.335615486       9.89450427E-07
  0.929776490      0.368124545       5.06107995E-07
  0.916432381      0.400189579      -3.69191821E-06
  0.892507374      0.451032847       3.05991193E-06
  0.876306653      0.481753677       4.68083317E-06
  0.859048963      0.511893392      -3.61197294E-06
  0.828940272      0.559337139       1.35731455E-07
  0.809017003      0.587785244       1.26513714E-06
  0.788117886      0.615524352       1.90221772E-06
  0.752300262      0.658820391      -2.51195047E-06
  0.728968620      0.684547126      -2.23282109E-06
  0.704757631      0.709448099       2.37199060E-06
  0.663796067      0.747913599       7.13311749E-07
  0.637423992      0.770513237      -1.55705493E-06
  0.610283017      0.792183459      -2.96167173E-06
  0.564823449      0.825211763       4.18914669E-06
  0.535826802      0.844327927       8.42494288E-08
  0.506183803      0.862425625      -2.71164140E-06
  0.456943184      0.889495909      -4.12617851E-07
  0.425779283      0.904827058       3.36985266E-07
  0.394101828      0.919066787       4.41676502E-06
  0.341856629      0.939752102      -6.51688288E-06
  0.309017003      0.951056540      -3.19883533E-08
  0.275804609      0.961213708       5.83011160E-06
  0.221378833      0.975187898      -2.60768093E-06
  0.187381312      0.982287228      -2.21449667E-07
  0.153157771      0.988201737      -2.54324186E-06
   9.74097401E-02  0.995244384       5.65392520E-06
   6.27905205E-02  0.998026729       1.30465287E-06
   2.80955620E-02  0.999605238      -7.14959288E-06
  -2.80955620E-02  0.999605238       5.12495126E-06
  -6.27905205E-02  0.998026729       8.95727510E-07
  -9.74097401E-02  0.995244384      -1.44297746E-06
 -0.153157771      0.988201737      -3.87290766E-06
 -0.187381312      0.982287228      -4.38009693E-06
 -0.221378833      0.975187898       5.05382241E-06
 -0.275804609      0.961213708       4.55103600E-06
 -0.309017003      0.951056540       1.66162718E-05
 -0.341856629      0.939752102       2.61760633E-05
 -0.394101828      0.919066787      -2.16530930E-06
 -0.425779283      0.904827058      -5.88591502E-05
 -0.456943184      0.889495909      -1.68848826E-04
 -0.506183803      0.862425625      -3.32265772E-04
 -0.535826802      0.844327927      -2.56031548E-04
 -0.564823449      0.825211763       2.69007840E-04
 -0.610283017      0.792183459       3.30559257E-03
 -0.637423992      0.770513237       7.64354412E-03
 -0.663796067      0.747913599       1.49982702E-02
 -0.704757631      0.709448099       3.59776579E-02
 -0.728968620      0.684547126       5.61915748E-02
 -0.752300262      0.658820391       8.28647241E-02
 -0.788117886      0.615524352      0.140238419    
 -0.809017003      0.587785244      0.183756307    
 -0.828940272      0.559337139      0.231923327    
 -0.859048963      0.511893392      0.314569563    
 -0.876306653      0.481753677      0.364584386    
 -0.892507374      0.451032847      0.410561651    
 -0.916432381      0.400189579      0.470227867    
 -0.929776490      0.368124545      0.495105326    
 -0.941999078      0.335615486      0.509670436    
 -0.959363103      0.282174528      0.511763155    
 -0.968583167      0.248689890      0.501541018    
 -0.976634920      0.214905262      0.484827518    
 -0.987164080      0.159709439      0.450347215    
 -0.992114723      0.125333235      0.428634554    
 -0.995868623       9.08058509E-02  0.409614980    
 -0.999396861       3.47256102E-02  0.389622390    
  -1.00000000       1.22464685E-16  0.385998994    
 -0.999396861      -3.47256102E-02  0.389622390    
 -0.995868623      -9.08058509E-02  0.409614980    
 -0.992114723     -0.125333235      0.428634554    
 -0.987164080     -0.159709439      0.450347215    
 -0.976634920     -0.214905262      0.484827518    
 -0.968583167     -0.248689890      0.501541018    
 -0.959363103     -0.282174528      0.511763155    
 -0.941999078     -0.335615486      0.509670436    
 -0.929776490     -0.368124545      0.495105326    
 -0.916432381     -0.400189579      0.470227867    
 -0.892507374     -0.451032847      0.410561651    
 -0.876306653     -0.481753677      0.364584386    
 -0.859048963     -0.511893392      0.314569563    
 -0.828940272     -0.559337139      0.231923327    
 -0.809017003     -0.587785244      0.183756307    
 -0.788117886     -0.615524352      0.140238419    
 -0.752300262     -0.658820391       8.28647241E-02
 -0.728968620     -0.684547126       5.61915748E-02
 -0.704757631     -0.709448099       3.59776579E-02
 -0.663796067     -0.747913599       1.49982702E-02
 -0.637423992     -0.770513237       7.64354412E-03
 -0.610283017     -0.792183459       3.30559257E-03
 -0.564823449     -0.825211763       2.69007840E-04
 -0.535826802     -0.844327927      -2.56031548E-04
 -0.506183803     -0.862425625      -3.32265772E-04
 -0.456943184     -0.889495909      -1.68848826E-04
 -0.425779283     -0.904827058      -5.88591502E-05
 -0.394101828     -0.919066787      -2.16530930E-06
 -0.341856629     -0.939752102       2.61760633E-05
 -0.309017003     -0.951056540       1.66162718E-05
 -0.275804609     -0.961213708       4.55103600E-06
 -0.221378833     -0.975187898       5.05382241E-06
 -0.187381312     -0.982287228      -4.38009693E-06
 -0.153157771     -0.988201737      -3.87290766E-06
  -9.74097401E-02 -0.995244384      -1.44297746E-06
  -6.27905205E-02 -0.998026729       8.95727510E-07
  -2.80955620E-02 -0.999605238       5.12495126E-06
   2.80955620E-02 -0.999605238      -7.14959288E-06
   6.27905205E-02 -0.998026729       1.30465287E-06
   9.74097401E-02 -0.995244384       5.65392520E-06
  0.153157771     -0.988201737      -2.54324186E-06
  0.187381312     -0.982287228      -2.21449667E-07
  0.221378833     -0.975187898      -2.60768093E-06
  0.275804609     -0.961213708       5.83011160E-06
  0.309017003     -0.951056540      -3.19883569E-08
  0.341856629     -0.939752102      -6.51688288E-06
  0.394101828     -0.919066787       4.41676502E-06
  0.425779283     -0.904827058       3.36985266E-07
  0.456943184     -0.889495909      -4.12617851E-07
  0.506183803     -0.862425625      -2.71164117E-06
  0.535826802     -0.844327927       8.42494288E-08
  0.564823449     -0.825211763       4.18914669E-06
  0.610283017     -0.792183459      -2.96167173E-06
  0.637423992     -0.770513237      -1.55705493E-06
  0.663796067     -0.747913599       7.13311749E-07
  0.704757631     -0.709448099       2.37199060E-06
  0.728968620     -0.684547126      -2.23282109E-06
  0.752300262     -0.658820391      -2.51195047E-06
  0.788117886     -0.615524352       1.90221772E-06
  0.809017003     -0.587785244       1.26513714E-06
  0.828940272     -0.559337139       1.35731455E-07
  0.859048963     -0.511893392      -3.61197294E-06
  0.876306653     -0.481753677       4.68083317E-06
  0.892507374     -0.451032847       3.05991193E-06
  0.916432381     -0.400189579      -3.69191821E-06
  0.929776490     -0.368124545       5.06107995E-07
  0.941999078     -0.335615486       9.89450427E-07
  0.959363103     -0.282174528       2.57919214E-06
  0.968583167     -0.248689890      -5.01541035E-06
  0.976634920     -0.214905262      -2.89097602E-06
  0.987164080     -0.159709439       4.91610717E-06
  0.992114723     -0.125333235      -7.50818515E-07
  0.995868623      -9.08058509E-02  -3.58356556E-06
  0.999396861      -3.47256102E-02   5.76630271E-07
   1.00000000      -2.44929371E-16   4.64255527E-06
