   1.00000000       0.00000000      -3.07915866E-06
  0.999396861       3.47256102E-02   7.27228056E-08
  0.995868623       9.08058509E-02  -5.80631877E-07
  0.992114723      0.125333235       4.67545817E-07
  0.987164080      0.159709439       1.76773722E-06
  0.976634920      0.214905262       1.71436568E-06
  0.968583167      0.248689890       6.94929395E-06
  0.959363103      0.282174528       3.71202896E-06
  0.941999078      0.335615486      -1.70696057E-05
  0.929776490      0.368124545      -2.68459298E-05
  0.916432381      0.400189579      -2.79238811E-05
  0.892507374      0.451032847      -2.46179161E-06
  0.876306653      0.481753677       5.48908938E-05
  0.859048963      0.511893392       1.43682613E-04
  0.828940272      0.559337139       2.67656986E-04
  0.809017003      0.587785244       2.23813608E-04
  0.788117886      0.615524352      -1.35717974E-05
  0.752300262      0.658820391      -9.31984105E-04
  0.728968620      0.684547126      -1.82354811E-03
  0.704757631      0.709448099      -2.71390774E-03
  0.663796067      0.747913599      -2.85671512E-03
  0.637423992      0.770513237      -8.73682846E-04
  0.610283017      0.792183459       4.00630757E-03
  0.564823449      0.825211763       2.12386958E-02
  0.535826802      0.844327927       3.96171696E-02
  0.506183803      0.862425625       6.49677143E-02
  0.456943184      0.889495909      0.121360786    
  0.425779283      0.904827058      0.164923400    
  0.394101828      0.919066787      0.213519841    
  0.341856629      0.939752102      0.297309101    
  0.309017003      0.951056540      0.348060250    
  0.275804609      0.961213708      0.394663364    
  0.221378833      0.975187898      0.454774439    
  0.187381312      0.982287228      0.479282618    
  0.153157771      0.988201737      0.492677599    
   9.74097401E-02  0.995244384      0.490251184    
   6.27905205E-02  0.998026729      0.474857301    
   2.80955620E-02  0.999605238      0.450412124    
  -2.80955620E-02  0.999605238      0.396357417    
  -6.27905205E-02  0.998026729      0.357219636    
  -9.74097401E-02  0.995244384      0.316101462    
 -0.153157771      0.988201737      0.249837175    
 -0.187381312      0.982287228      0.211264074    
 -0.221378833      0.975187898      0.175731152    
 -0.275804609      0.961213708      0.126119554    
 -0.309017003      0.951056540      0.100673333    
 -0.341856629      0.939752102       7.91589618E-02
 -0.394101828      0.919066787       5.20043634E-02
 -0.425779283      0.904827058       3.93677503E-02
 -0.456943184      0.889495909       2.93864477E-02
 -0.506183803      0.862425625       1.77845247E-02
 -0.535826802      0.844327927       1.28112966E-02
 -0.564823449      0.825211763       9.10702907E-03
 -0.610283017      0.792183459       5.10569382E-03
 -0.637423992      0.770513237       3.50611680E-03
 -0.663796067      0.747913599       2.38081976E-03
 -0.704757631      0.709448099       1.24104065E-03
 -0.728968620      0.684547126       8.14614992E-04
 -0.752300262      0.658820391       5.29985642E-04
 -0.788117886      0.615524352       2.55237974E-04
 -0.809017003      0.587785244       1.67467486E-04
 -0.828940272      0.559337139       1.00579637E-04
 -0.859048963      0.511893392       4.40464428E-05
 -0.876306653      0.481753677       3.07273767E-05
 -0.892507374      0.451032847       1.62872875E-05
 -0.916432381      0.400189579       8.12628332E-06
 -0.929776490      0.368124545      -1.69292912E-06
 -0.941999078      0.335615486       3.54523286E-06
 -0.959363103      0.282174528       1.92501489E-06
 -0.968583167      0.248689890      -5.06773586E-06
 -0.976634920      0.214905262       2.17464685E-06
 -0.987164080      0.159709439      -1.56284182E-06
 -0.992114723      0.125333235       2.48027004E-06
 -0.995868623       9.08058509E-02   6.90677098E-07
 -0.999396861       3.47256102E-02  -1.89994921E-06
  -1.00000000       1.22464685E-16   6.37187486E-06
 -0.999396861      -3.47256102E-02  -1.89994921E-06
 -0.995868623      -9.08058509E-02   6.90677098E-07
 -0.992114723     -0.125333235       2.48027004E-06
 -0.987164080     -0.159709439      -1.56284182E-06
 -0.976634920     -0.214905262       2.17464685E-06
 -0.968583167     -0.248689890      -5.06773586E-06
 -0.959363103     -0.282174528       1.92501489E-06
 -0.941999078     -0.335615486       3.54523286E-06
 -0.929776490     -0.368124545      -1.69292912E-06
 -0.916432381     -0.400189579       8.12628332E-06
 -0.892507374     -0.451032847       1.62872875E-05
 -0.876306653     -0.481753677       3.07273767E-05
 -0.859048963     -0.511893392       4.40464428E-05
 -0.828940272     -0.559337139       1.00579637E-04
 -0.809017003     -0.587785244       1.67467486E-04
 -0.788117886     -0.615524352       2.55237974E-04
 -0.752300262     -0.658820391       5.29985642E-04
 -0.728968620     -0.684547126       8.14614992E-04
 -0.704757631     -0.709448099       1.24104065E-03
 -0.663796067     -0.747913599       2.38081976E-03
 -0.637423992     -0.770513237       3.50611680E-03
 -0.610283017     -0.792183459       5.10569382E-03
 -0.564823449     -0.825211763       9.10702907E-03
 -0.535826802     -0.844327927       1.28112966E-02
 -0.506183803     -0.862425625       1.77845247E-02
 -0.456943184     -0.889495909       2.93864477E-02
 -0.425779283     -0.904827058       3.93677503E-02
 -0.394101828     -0.919066787       5.20043634E-02
 -0.341856629     -0.939752102       7.91589618E-02
 -0.309017003     -0.951056540      0.100673333    
 -0.275804609     -0.961213708      0.126119554    
 -0.221378833     -0.975187898      0.175731152    
 -0.187381312     -0.982287228      0.211264074    
 -0.153157771     -0.988201737      0.249837175    
  -9.74097401E-02 -0.995244384      0.316101462    
  -6.27905205E-02 -0.998026729      0.357219636    
  -2.80955620E-02 -0.999605238      0.396357417    
   2.80955620E-02 -0.999605238      0.450412124    
   6.27905205E-02 -0.998026729      0.474857301    
   9.74097401E-02 -0.995244384      0.490251184    
  0.153157771     -0.988201737      0.492677599    
  0.187381312     -0.982287228      0.479282618    
  0.221378833     -0.975187898      0.454774439    
  0.275804609     -0.961213708      0.394663364    
  0.309017003     -0.951056540      0.348060250    
  0.341856629     -0.939752102      0.297309101    
  0.394101828     -0.919066787      0.213519841    
  0.425779283     -0.904827058      0.164923400    
  0.456943184     -0.889495909      0.121360786    
  0.506183803     -0.862425625       6.49677143E-02
  0.535826802     -0.844327927       3.96171696E-02
  0.564823449     -0.825211763       2.12386958E-02
  0.610283017     -0.792183459       4.00630757E-03
  0.637423992     -0.770513237      -8.73682846E-04
  0.663796067     -0.747913599      -2.85671512E-03
  0.704757631     -0.709448099      -2.71390774E-03
  0.728968620     -0.684547126      -1.82354811E-03
  0.752300262     -0.658820391      -9.31984105E-04
  0.788117886     -0.615524352      -1.35717974E-05
  0.809017003     -0.587785244       2.23813608E-04
  0.828940272     -0.559337139       2.67656986E-04
  0.859048963     -0.511893392       1.43682613E-04
  0.876306653     -0.481753677       5.48908938E-05
  0.892507374     -0.451032847      -2.46179161E-06
  0.916432381     -0.400189579      -2.79238811E-05
  0.929776490     -0.368124545      -2.68459298E-05
  0.941999078     -0.335615486      -1.70696057E-05
  0.959363103     -0.282174528       3.71202896E-06
  0.968583167     -0.248689890       6.94929395E-06
  0.976634920     -0.214905262       1.71436568E-06
  0.987164080     -0.159709439       1.76773722E-06
  0.992114723     -0.125333235       4.67545817E-07
  0.995868623      -9.08058509E-02  -5.80631877E-07
  0.999396861      -3.47256102E-02   7.27227984E-08
   1.00000000      -2.44929371E-16  -3.07915866E-06
