   1.00000000       0.00000000       2.43979608E-04
  0.999396861       3.47256102E-02   2.76415871E-04
  0.995868623       9.08058509E-02   4.72381449E-04
  0.992114723      0.125333235       7.03322934E-04
  0.987164080      0.159709439       1.07180432E-03
  0.976634920      0.214905262       2.12991633E-03
  0.968583167      0.248689890       3.18944990E-03
  0.959363103      0.282174528       4.71453322E-03
  0.941999078      0.335615486       8.65057204E-03
  0.929776490      0.368124545       1.23524610E-02
  0.916432381      0.400189579       1.73816495E-02
  0.892507374      0.451032847       2.92828940E-02
  0.876306653      0.481753677       3.96487750E-02
  0.859048963      0.511893392       5.28673045E-02
  0.828940272      0.559337139       8.14517960E-02
  0.809017003      0.587785244      0.104209490    
  0.788117886      0.615524352      0.131163552    
  0.752300262      0.658820391      0.183652505    
  0.728968620      0.684547126      0.221086770    
  0.704757631      0.709448099      0.261477470    
  0.663796067      0.747913599      0.330022305    
  0.637423992      0.770513237      0.371787965    
  0.610283017      0.792183459      0.410744667    
  0.564823449      0.825211763      0.462368727    
  0.535826802      0.844327927      0.483920723    
  0.506183803      0.862425625      0.495476067    
  0.456943184      0.889495909      0.490305454    
  0.425779283      0.904827058      0.471962929    
  0.394101828      0.919066787      0.442860425    
  0.341856629      0.939752102      0.377209157    
  0.309017003      0.951056540      0.328891993    
  0.275804609      0.961213708      0.277928501    
  0.221378833      0.975187898      0.196829528    
  0.187381312      0.982287228      0.151333526    
  0.153157771      0.988201737      0.111467622    
   9.74097401E-02  0.995244384       6.11111037E-02
   6.27905205E-02  0.998026729       3.88803892E-02
   2.80955620E-02  0.999605238       2.28275694E-02
  -2.80955620E-02  0.999605238       7.46444939E-03
  -6.27905205E-02  0.998026729       2.71356129E-03
  -9.74097401E-02  0.995244384       3.08333081E-04
 -0.153157771      0.988201737      -7.83552241E-04
 -0.187381312      0.982287228      -6.77799864E-04
 -0.221378833      0.975187898      -4.23106743E-04
 -0.275804609      0.961213708      -9.09635055E-05
 -0.309017003      0.951056540       2.00990253E-05
 -0.341856629      0.939752102       5.77114733E-05
 -0.394101828      0.919066787       3.64071020E-05
 -0.425779283      0.904827058       1.22975389E-05
 -0.456943184      0.889495909       2.62969638E-06
 -0.506183803      0.862425625      -6.21809022E-07
 -0.535826802      0.844327927      -9.58085639E-06
 -0.564823449      0.825211763      -4.19440539E-06
 -0.610283017      0.792183459       5.41743248E-07
 -0.637423992      0.770513237       4.51715641E-06
 -0.663796067      0.747913599       1.17121374E-06
 -0.704757631      0.709448099      -4.61905711E-06
 -0.728968620      0.684547126       7.87724912E-06
 -0.752300262      0.658820391       1.18624689E-06
 -0.788117886      0.615524352      -1.16642764E-06
 -0.809017003      0.587785244      -8.50945696E-07
 -0.828940272      0.559337139      -1.51658764E-06
 -0.859048963      0.511893392       5.49801143E-06
 -0.876306653      0.481753677      -7.56638838E-06
 -0.892507374      0.451032847      -3.16749174E-06
 -0.916432381      0.400189579       4.13861062E-06
 -0.929776490      0.368124545      -1.45039905E-06
 -0.941999078      0.335615486      -6.61523075E-07
 -0.959363103      0.282174528      -3.07778328E-06
 -0.968583167      0.248689890       5.38354789E-06
 -0.976634920      0.214905262       3.43574766E-06
 -0.987164080      0.159709439      -5.58946294E-06
 -0.992114723      0.125333235       9.71330792E-07
 -0.995868623       9.08058509E-02   3.96197538E-06
 -0.999396861       3.47256102E-02  -8.35669198E-07
  -1.00000000       1.22464685E-16  -4.18225864E-06
 -0.999396861      -3.47256102E-02  -8.35669198E-07
 -0.995868623      -9.08058509E-02   3.96197538E-06
 -0.992114723     -0.125333235       9.71330792E-07
 -0.987164080     -0.159709439      -5.58946294E-06
 -0.976634920     -0.214905262       3.43574766E-06
 -0.968583167     -0.248689890       5.38354789E-06
 -0.959363103     -0.282174528      -3.07778328E-06
 -0.941999078     -0.335615486      -6.61523075E-07
 -0.929776490     -0.368124545      -1.45039905E-06
 -0.916432381     -0.400189579       4.13861062E-06
 -0.892507374     -0.451032847      -3.16749174E-06
 -0.876306653     -0.481753677      -7.56638838E-06
 -0.859048963     -0.511893392       5.49801143E-06
 -0.828940272     -0.559337139      -1.51658764E-06
 -0.809017003     -0.587785244      -8.50945696E-07
 -0.788117886     -0.615524352      -1.16642764E-06
 -0.752300262     -0.658820391       1.18624689E-06
 -0.728968620     -0.684547126       7.87724912E-06
 -0.704757631     -0.709448099      -4.61905711E-06
 -0.663796067     -0.747913599       1.17121374E-06
 -0.637423992     -0.770513237       4.51715641E-06
 -0.610283017     -0.792183459       5.41743248E-07
 -0.564823449     -0.825211763      -4.19440539E-06
 -0.535826802     -0.844327927      -9.58085639E-06
 -0.506183803     -0.862425625      -6.21809022E-07
 -0.456943184     -0.889495909       2.62969638E-06
 -0.425779283     -0.904827058       1.22975389E-05
 -0.394101828     -0.919066787       3.64071020E-05
 -0.341856629     -0.939752102       5.77114733E-05
 -0.309017003     -0.951056540       2.00990253E-05
 -0.275804609     -0.961213708      -9.09635055E-05
 -0.221378833     -0.975187898      -4.23106743E-04
 -0.187381312     -0.982287228      -6.77799864E-04
 -0.153157771     -0.988201737      -7.83552241E-04
  -9.74097401E-02 -0.995244384       3.08333081E-04
  -6.27905205E-02 -0.998026729       2.71356129E-03
  -2.80955620E-02 -0.999605238       7.46444939E-03
   2.80955620E-02 -0.999605238       2.28275694E-02
   6.27905205E-02 -0.998026729       3.88803892E-02
   9.74097401E-02 -0.995244384       6.11111037E-02
  0.153157771     -0.988201737      0.111467622    
  0.187381312     -0.982287228      0.151333526    
  0.221378833     -0.975187898      0.196829528    
  0.275804609     -0.961213708      0.277928501    
  0.309017003     -0.951056540      0.328891993    
  0.341856629     -0.939752102      0.377209157    
  0.394101828     -0.919066787      0.442860425    
  0.425779283     -0.904827058      0.471962929    
  0.456943184     -0.889495909      0.490305454    
  0.506183803     -0.862425625      0.495476067    
  0.535826802     -0.844327927      0.483920723    
  0.564823449     -0.825211763      0.462368727    
  0.610283017     -0.792183459      0.410744667    
  0.637423992     -0.770513237      0.371787965    
  0.663796067     -0.747913599      0.330022305    
  0.704757631     -0.709448099      0.261477470    
  0.728968620     -0.684547126      0.221086770    
  0.752300262     -0.658820391      0.183652505    
  0.788117886     -0.615524352      0.131163552    
  0.809017003     -0.587785244      0.104209490    
  0.828940272     -0.559337139       8.14517960E-02
  0.859048963     -0.511893392       5.28673045E-02
  0.876306653     -0.481753677       3.96487750E-02
  0.892507374     -0.451032847       2.92828940E-02
  0.916432381     -0.400189579       1.73816495E-02
  0.929776490     -0.368124545       1.23524610E-02
  0.941999078     -0.335615486       8.65057204E-03
  0.959363103     -0.282174528       4.71453322E-03
  0.968583167     -0.248689890       3.18944990E-03
  0.976634920     -0.214905262       2.12991633E-03
  0.987164080     -0.159709439       1.07180432E-03
  0.992114723     -0.125333235       7.03322934E-04
  0.995868623      -9.08058509E-02   4.72381449E-04
  0.999396861      -3.47256102E-02   2.76415871E-04
   1.00000000      -2.44929371E-16   2.43979608E-04
