   1.00000000       0.00000000       2.13465171E-07
  0.999396861       3.47256102E-02  -1.20119910E-06
  0.995868623       9.08058509E-02   2.28044587E-06
  0.992114723      0.125333235       1.43489581E-06
  0.987164080      0.159709439      -2.93073026E-06
  0.976634920      0.214905262       1.01055832E-06
  0.968583167      0.248689890       9.46031719E-07
  0.959363103      0.282174528       1.13402336E-06
  0.941999078      0.335615486      -2.46370109E-06
  0.929776490      0.368124545      -2.98585383E-06
  0.916432381      0.400189579       4.06211575E-06
  0.892507374      0.451032847      -1.13885483E-06
  0.876306653      0.481753677      -3.46171873E-06
  0.859048963      0.511893392      -7.23611095E-07
  0.828940272      0.559337139       3.57763975E-06
  0.809017003      0.587785244       2.49546133E-06
  0.788117886      0.615524352      -5.90760828E-06
  0.752300262      0.658820391       2.91000811E-06
  0.728968620      0.684547126       5.84263853E-06
  0.704757631      0.709448099      -1.63136804E-06
  0.663796067      0.747913599      -3.17659465E-06
  0.637423992      0.770513237      -4.42132631E-07
  0.610283017      0.792183459       6.30063369E-06
  0.564823449      0.825211763      -4.72757256E-06
  0.535826802      0.844327927      -7.07841582E-06
  0.506183803      0.862425625       4.96403027E-06
  0.456943184      0.889495909       4.69664371E-07
  0.425779283      0.904827058      -2.48934703E-06
  0.394101828      0.919066787      -2.68458643E-06
  0.341856629      0.939752102       2.66005873E-06
  0.309017003      0.951056540       6.23066808E-06
  0.275804609      0.961213708      -3.95531379E-06
  0.221378833      0.975187898      -3.29897517E-07
  0.187381312      0.982287228       4.32205070E-06
  0.153157771      0.988201737       1.03881405E-07
   9.74097401E-02  0.995244384       2.91614953E-07
   6.27905205E-02  0.998026729      -4.83441772E-06
   2.80955620E-02  0.999605238      -4.64258790E-07
  -2.80955620E-02  0.999605238       4.16734156E-06
  -6.27905205E-02  0.998026729      -3.58017678E-06
  -9.74097401E-02  0.995244384      -1.98881003E-06
 -0.153157771      0.988201737       2.02728756E-06
 -0.187381312      0.982287228       3.17211607E-06
 -0.221378833      0.975187898      -3.55089696E-06
 -0.275804609      0.961213708      -1.26154973E-05
 -0.309017003      0.951056540      -3.12798011E-06
 -0.341856629      0.939752102       8.47212596E-06
 -0.394101828      0.919066787       3.90517525E-05
 -0.425779283      0.904827058       6.95495473E-05
 -0.456943184      0.889495909       8.83989487E-05
 -0.506183803      0.862425625      -1.93143424E-05
 -0.535826802      0.844327927      -2.23169249E-04
 -0.564823449      0.825211763      -5.40150853E-04
 -0.610283017      0.792183459      -1.07139838E-03
 -0.637423992      0.770513237      -1.03712734E-03
 -0.663796067      0.747913599      -1.63342978E-04
 -0.704757631      0.709448099       5.01697091E-03
 -0.728968620      0.684547126       1.21442247E-02
 -0.752300262      0.658820391       2.36893967E-02
 -0.788117886      0.615524352       5.46138212E-02
 -0.809017003      0.587785244       8.26698393E-02
 -0.828940272      0.559337139      0.117989041    
 -0.859048963      0.511893392      0.189445987    
 -0.876306653      0.481753677      0.240603104    
 -0.892507374      0.451032847      0.294855028    
 -0.916432381      0.400189579      0.383202940    
 -0.929776490      0.368124545      0.434251368    
 -0.941999078      0.335615486      0.479938895    
 -0.959363103      0.282174528      0.538575530    
 -0.968583167      0.248689890      0.564210415    
 -0.976634920      0.214905262      0.581943691    
 -0.987164080      0.159709439      0.596460104    
 -0.992114723      0.125333235      0.599122703    
 -0.995868623       9.08058509E-02  0.599059641    
 -0.999396861       3.47256102E-02  0.597191095    
  -1.00000000       1.22464685E-16  0.596695364    
 -0.999396861      -3.47256102E-02  0.597191095    
 -0.995868623      -9.08058509E-02  0.599059641    
 -0.992114723     -0.125333235      0.599122703    
 -0.987164080     -0.159709439      0.596460104    
 -0.976634920     -0.214905262      0.581943691    
 -0.968583167     -0.248689890      0.564210415    
 -0.959363103     -0.282174528      0.538575530    
 -0.941999078     -0.335615486      0.479938895    
 -0.929776490     -0.368124545      0.434251368    
 -0.916432381     -0.400189579      0.383202940    
 -0.892507374     -0.451032847      0.294855028    
 -0.876306653     -0.481753677      0.240603104    
 -0.859048963     -0.511893392      0.189445987    
 -0.828940272     -0.559337139      0.117989041    
 -0.809017003     -0.587785244       8.26698393E-02
 -0.788117886     -0.615524352       5.46138212E-02
 -0.752300262     -0.658820391       2.36893967E-02
 -0.728968620     -0.684547126       1.21442247E-02
 -0.704757631     -0.709448099       5.01697091E-03
 -0.663796067     -0.747913599      -1.63342978E-04
 -0.637423992     -0.770513237      -1.03712734E-03
 -0.610283017     -0.792183459      -1.07139838E-03
 -0.564823449     -0.825211763      -5.40150853E-04
 -0.535826802     -0.844327927      -2.23169249E-04
 -0.506183803     -0.862425625      -1.93143424E-05
 -0.456943184     -0.889495909       8.83989487E-05
 -0.425779283     -0.904827058       6.95495473E-05
 -0.394101828     -0.919066787       3.90517525E-05
 -0.341856629     -0.939752102       8.47212596E-06
 -0.309017003     -0.951056540      -3.12798011E-06
 -0.275804609     -0.961213708      -1.26154973E-05
 -0.221378833     -0.975187898      -3.55089696E-06
 -0.187381312     -0.982287228       3.17211607E-06
 -0.153157771     -0.988201737       2.02728756E-06
  -9.74097401E-02 -0.995244384      -1.98881003E-06
  -6.27905205E-02 -0.998026729      -3.58017678E-06
  -2.80955620E-02 -0.999605238       4.16734156E-06
   2.80955620E-02 -0.999605238      -4.64258761E-07
   6.27905205E-02 -0.998026729      -4.83441772E-06
   9.74097401E-02 -0.995244384       2.91614953E-07
  0.153157771     -0.988201737       1.03881405E-07
  0.187381312     -0.982287228       4.32205070E-06
  0.221378833     -0.975187898      -3.29897517E-07
  0.275804609     -0.961213708      -3.95531379E-06
  0.309017003     -0.951056540       6.23066808E-06
  0.341856629     -0.939752102       2.66005873E-06
  0.394101828     -0.919066787      -2.68458643E-06
  0.425779283     -0.904827058      -2.48934703E-06
  0.456943184     -0.889495909       4.69664371E-07
  0.506183803     -0.862425625       4.96403027E-06
  0.535826802     -0.844327927      -7.07841582E-06
  0.564823449     -0.825211763      -4.72757256E-06
  0.610283017     -0.792183459       6.30063369E-06
  0.637423992     -0.770513237      -4.42132631E-07
  0.663796067     -0.747913599      -3.17659465E-06
  0.704757631     -0.709448099      -1.63136804E-06
  0.728968620     -0.684547126       5.84263853E-06
  0.752300262     -0.658820391       2.91000811E-06
  0.788117886     -0.615524352      -5.90760828E-06
  0.809017003     -0.587785244       2.49546133E-06
  0.828940272     -0.559337139       3.57763975E-06
  0.859048963     -0.511893392      -7.23611151E-07
  0.876306653     -0.481753677      -3.46171873E-06
  0.892507374     -0.451032847      -1.13885483E-06
  0.916432381     -0.400189579       4.06211575E-06
  0.929776490     -0.368124545      -2.98585383E-06
  0.941999078     -0.335615486      -2.46370109E-06
  0.959363103     -0.282174528       1.13402336E-06
  0.968583167     -0.248689890       9.46031719E-07
  0.976634920     -0.214905262       1.01055832E-06
  0.987164080     -0.159709439      -2.93073026E-06
  0.992114723     -0.125333235       1.43489581E-06
  0.995868623      -9.08058509E-02   2.28044587E-06
  0.999396861      -3.47256102E-02  -1.20119910E-06
   1.00000000      -2.44929371E-16   2.13465171E-07
