   1.00000000       0.00000000      0.134252459    
  0.999396861       3.47256102E-02  0.137249500    
  0.995868623       9.08058509E-02  0.154587701    
  0.992114723      0.125333235      0.172705561    
  0.987164080      0.159709439      0.196040735    
  0.976634920      0.214905262      0.243333280    
  0.968583167      0.248689890      0.277147859    
  0.959363103      0.282174528      0.313105017    
  0.941999078      0.335615486      0.372216374    
  0.929776490      0.368124545      0.406699568    
  0.916432381      0.400189579      0.437403083    
  0.892507374      0.451032847      0.474359542    
  0.876306653      0.481753677      0.486621320    
  0.859048963      0.511893392      0.489192456    
  0.828940272      0.559337139      0.470908791    
  0.809017003      0.587785244      0.445664018    
  0.788117886      0.615524352      0.410704106    
  0.752300262      0.658820391      0.337658316    
  0.728968620      0.684547126      0.285912991    
  0.704757631      0.709448099      0.232316494    
  0.663796067      0.747913599      0.148694202    
  0.637423992      0.770513237      0.102859862    
  0.610283017      0.792183459       6.37487918E-02
  0.564823449      0.825211763       1.73287410E-02
  0.535826802      0.844327927      -7.20551529E-04
  0.506183803      0.862425625      -1.14351939E-02
  0.456943184      0.889495909      -1.65730361E-02
  0.425779283      0.904827058      -1.47542888E-02
  0.394101828      0.919066787      -1.10134445E-02
  0.341856629      0.939752102      -4.19854932E-03
  0.309017003      0.951056540      -8.68088682E-04
  0.275804609      0.961213708       1.31316285E-03
  0.221378833      0.975187898       2.46273656E-03
  0.187381312      0.982287228       2.13502441E-03
  0.153157771      0.988201737       1.42610585E-03
   9.74097401E-02  0.995244384       2.40159483E-04
   6.27905205E-02  0.998026729      -2.40474154E-04
   2.80955620E-02  0.999605238      -4.60477400E-04
  -2.80955620E-02  0.999605238      -3.85711261E-04
  -6.27905205E-02  0.998026729      -2.24485164E-04
  -9.74097401E-02  0.995244384      -6.42902232E-05
 -0.153157771      0.988201737       9.07595459E-05
 -0.187381312      0.982287228       1.09124645E-04
 -0.221378833      0.975187898       8.08481345E-05
 -0.275804609      0.961213708       1.07916121E-05
 -0.309017003      0.951056540      -1.23389254E-05
 -0.341856629      0.939752102      -2.01713356E-05
 -0.394101828      0.919066787      -1.99118276E-05
 -0.425779283      0.904827058      -9.92227342E-06
 -0.456943184      0.889495909       3.14551903E-06
 -0.506183803      0.862425625       7.58843407E-06
 -0.535826802      0.844327927       3.59028559E-06
 -0.564823449      0.825211763       1.51311582E-07
 -0.610283017      0.792183459      -9.11370801E-09
 -0.637423992      0.770513237      -7.44545218E-07
 -0.663796067      0.747913599      -1.67493988E-06
 -0.704757631      0.709448099       1.41621825E-07
 -0.728968620      0.684547126       1.07012181E-06
 -0.752300262      0.658820391      -1.06608331E-06
 -0.788117886      0.615524352       1.96998576E-06
 -0.809017003      0.587785244       1.48509548E-06
 -0.828940272      0.559337139      -2.15937507E-06
 -0.859048963      0.511893392      -2.69339807E-07
 -0.876306653      0.481753677       2.65402804E-07
 -0.892507374      0.451032847       3.18136472E-06
 -0.916432381      0.400189579      -4.22486301E-06
 -0.929776490      0.368124545      -2.88676915E-06
 -0.941999078      0.335615486       4.53036546E-06
 -0.959363103      0.282174528      -5.82084212E-08
 -0.968583167      0.248689890      -3.09119969E-06
 -0.976634920      0.214905262      -3.65962001E-06
 -0.987164080      0.159709439       6.67523727E-06
 -0.992114723      0.125333235       1.61459423E-06
 -0.995868623       9.08058509E-02  -6.77586559E-06
 -0.999396861       3.47256102E-02   1.87850640E-06
  -1.00000000       1.22464685E-16   4.87854868E-06
 -0.999396861      -3.47256102E-02   1.87850640E-06
 -0.995868623      -9.08058509E-02  -6.77586559E-06
 -0.992114723     -0.125333235       1.61459423E-06
 -0.987164080     -0.159709439       6.67523727E-06
 -0.976634920     -0.214905262      -3.65962001E-06
 -0.968583167     -0.248689890      -3.09119969E-06
 -0.959363103     -0.282174528      -5.82084247E-08
 -0.941999078     -0.335615486       4.53036546E-06
 -0.929776490     -0.368124545      -2.88676915E-06
 -0.916432381     -0.400189579      -4.22486301E-06
 -0.892507374     -0.451032847       3.18136472E-06
 -0.876306653     -0.481753677       2.65402804E-07
 -0.859048963     -0.511893392      -2.69339807E-07
 -0.828940272     -0.559337139      -2.15937507E-06
 -0.809017003     -0.587785244       1.48509548E-06
 -0.788117886     -0.615524352       1.96998576E-06
 -0.752300262     -0.658820391      -1.06608331E-06
 -0.728968620     -0.684547126       1.07012181E-06
 -0.704757631     -0.709448099       1.41621825E-07
 -0.663796067     -0.747913599      -1.67493988E-06
 -0.637423992     -0.770513237      -7.44545218E-07
 -0.610283017     -0.792183459      -9.11370890E-09
 -0.564823449     -0.825211763       1.51311582E-07
 -0.535826802     -0.844327927       3.59028559E-06
 -0.506183803     -0.862425625       7.58843407E-06
 -0.456943184     -0.889495909       3.14551903E-06
 -0.425779283     -0.904827058      -9.92227342E-06
 -0.394101828     -0.919066787      -1.99118276E-05
 -0.341856629     -0.939752102      -2.01713356E-05
 -0.309017003     -0.951056540      -1.23389254E-05
 -0.275804609     -0.961213708       1.07916121E-05
 -0.221378833     -0.975187898       8.08481345E-05
 -0.187381312     -0.982287228       1.09124645E-04
 -0.153157771     -0.988201737       9.07595459E-05
  -9.74097401E-02 -0.995244384      -6.42902232E-05
  -6.27905205E-02 -0.998026729      -2.24485164E-04
  -2.80955620E-02 -0.999605238      -3.85711261E-04
   2.80955620E-02 -0.999605238      -4.60477400E-04
   6.27905205E-02 -0.998026729      -2.40474154E-04
   9.74097401E-02 -0.995244384       2.40159483E-04
  0.153157771     -0.988201737       1.42610585E-03
  0.187381312     -0.982287228       2.13502441E-03
  0.221378833     -0.975187898       2.46273656E-03
  0.275804609     -0.961213708       1.31316285E-03
  0.309017003     -0.951056540      -8.68088682E-04
  0.341856629     -0.939752102      -4.19854932E-03
  0.394101828     -0.919066787      -1.10134445E-02
  0.425779283     -0.904827058      -1.47542888E-02
  0.456943184     -0.889495909      -1.65730361E-02
  0.506183803     -0.862425625      -1.14351939E-02
  0.535826802     -0.844327927      -7.20551529E-04
  0.564823449     -0.825211763       1.73287410E-02
  0.610283017     -0.792183459       6.37487918E-02
  0.637423992     -0.770513237      0.102859862    
  0.663796067     -0.747913599      0.148694202    
  0.704757631     -0.709448099      0.232316494    
  0.728968620     -0.684547126      0.285912991    
  0.752300262     -0.658820391      0.337658316    
  0.788117886     -0.615524352      0.410704106    
  0.809017003     -0.587785244      0.445664018    
  0.828940272     -0.559337139      0.470908791    
  0.859048963     -0.511893392      0.489192456    
  0.876306653     -0.481753677      0.486621320    
  0.892507374     -0.451032847      0.474359542    
  0.916432381     -0.400189579      0.437403083    
  0.929776490     -0.368124545      0.406699568    
  0.941999078     -0.335615486      0.372216374    
  0.959363103     -0.282174528      0.313105017    
  0.968583167     -0.248689890      0.277147859    
  0.976634920     -0.214905262      0.243333280    
  0.987164080     -0.159709439      0.196040735    
  0.992114723     -0.125333235      0.172705561    
  0.995868623      -9.08058509E-02  0.154587701    
  0.999396861      -3.47256102E-02  0.137249500    
   1.00000000      -2.44929371E-16  0.134252459    
