   1.00000000       0.00000000       4.52059840E-06
  0.999396861       3.47256102E-02   1.06075231E-06
  0.995868623       9.08058509E-02  -4.60129331E-06
  0.992114723      0.125333235       4.83599194E-07
  0.987164080      0.159709439       4.84200518E-06
  0.976634920      0.214905262      -2.37097220E-06
  0.968583167      0.248689890      -3.48249341E-06
  0.959363103      0.282174528       2.29899257E-07
  0.941999078      0.335615486       3.38351947E-06
  0.929776490      0.368124545      -5.73004570E-07
  0.916432381      0.400189579      -4.28649673E-06
  0.892507374      0.451032847       2.25239910E-06
  0.876306653      0.481753677       2.97448514E-06
  0.859048963      0.511893392       2.27396256E-07
  0.828940272      0.559337139      -3.39970097E-06
  0.809017003      0.587785244       9.16719927E-08
  0.788117886      0.615524352       4.63783545E-06
  0.752300262      0.658820391      -8.83422686E-08
  0.728968620      0.684547126      -1.56903820E-06
  0.704757631      0.709448099       3.09286861E-06
  0.663796067      0.747913599       1.70527292E-05
  0.637423992      0.770513237       1.99380684E-05
  0.610283017      0.792183459       3.08159360E-05
  0.564823449      0.825211763       9.15954952E-05
  0.535826802      0.844327927       1.55433256E-04
  0.506183803      0.862425625       2.53219187E-04
  0.456943184      0.889495909       5.55433275E-04
  0.425779283      0.904827058       9.03382432E-04
  0.394101828      0.919066787       1.43158878E-03
  0.341856629      0.939752102       2.89344252E-03
  0.309017003      0.951056540       4.39557154E-03
  0.275804609      0.961213708       6.57451246E-03
  0.221378833      0.975187898       1.21758915E-02
  0.187381312      0.982287228       1.74334086E-02
  0.153157771      0.988201737       2.45628934E-02
   9.74097401E-02  0.995244384       4.12839353E-02
   6.27905205E-02  0.998026729       5.56358434E-02
   2.80955620E-02  0.999605238       7.36807510E-02
  -2.80955620E-02  0.999605238      0.111789398    
  -6.27905205E-02  0.998026729      0.141256452    
  -9.74097401E-02  0.995244384      0.175201729    
 -0.153157771      0.988201737      0.238470897    
 -0.187381312      0.982287228      0.281297058    
 -0.221378833      0.975187898      0.325269133    
 -0.275804609      0.961213708      0.394031495    
 -0.309017003      0.951056540      0.431584686    
 -0.341856629      0.939752102      0.462620497    
 -0.394101828      0.919066787      0.493799835    
 -0.425779283      0.904827058      0.498851687    
 -0.456943184      0.889495909      0.492124110    
 -0.506183803      0.862425625      0.456909984    
 -0.535826802      0.844327927      0.422005713    
 -0.564823449      0.825211763      0.379491270    
 -0.610283017      0.792183459      0.301155120    
 -0.637423992      0.770513237      0.251199603    
 -0.663796067      0.747913599      0.203103438    
 -0.704757631      0.709448099      0.134250537    
 -0.728968620      0.684547126       9.92267728E-02
 -0.752300262      0.658820391       7.05529675E-02
 -0.788117886      0.615524352       3.71648669E-02
 -0.809017003      0.587785244       2.35008914E-02
 -0.828940272      0.559337139       1.40751824E-02
 -0.859048963      0.511893392       5.35716070E-03
 -0.876306653      0.481753677       2.64464691E-03
 -0.892507374      0.451032847       1.18227082E-03
 -0.916432381      0.400189579       2.14649641E-04
 -0.929776490      0.368124545       3.83126353E-05
 -0.941999078      0.335615486      -5.44452314E-06
 -0.959363103      0.282174528      -8.00529779E-06
 -0.968583167      0.248689890       3.58005582E-06
 -0.976634920      0.214905262       1.84455018E-07
 -0.987164080      0.159709439       3.36043513E-06
 -0.992114723      0.125333235       3.33160915E-06
 -0.995868623       9.08058509E-02  -1.42943770E-06
 -0.999396861       3.47256102E-02   9.16050624E-07
  -1.00000000       1.22464685E-16  -2.70074884E-06
 -0.999396861      -3.47256102E-02   9.16050624E-07
 -0.995868623      -9.08058509E-02  -1.42943770E-06
 -0.992114723     -0.125333235       3.33160915E-06
 -0.987164080     -0.159709439       3.36043513E-06
 -0.976634920     -0.214905262       1.84455018E-07
 -0.968583167     -0.248689890       3.58005582E-06
 -0.959363103     -0.282174528      -8.00529779E-06
 -0.941999078     -0.335615486      -5.44452314E-06
 -0.929776490     -0.368124545       3.83126353E-05
 -0.916432381     -0.400189579       2.14649641E-04
 -0.892507374     -0.451032847       1.18227082E-03
 -0.876306653     -0.481753677       2.64464691E-03
 -0.859048963     -0.511893392       5.35716070E-03
 -0.828940272     -0.559337139       1.40751824E-02
 -0.809017003     -0.587785244       2.35008914E-02
 -0.788117886     -0.615524352       3.71648669E-02
 -0.752300262     -0.658820391       7.05529675E-02
 -0.728968620     -0.684547126       9.92267728E-02
 -0.704757631     -0.709448099      0.134250537    
 -0.663796067     -0.747913599      0.203103438    
 -0.637423992     -0.770513237      0.251199603    
 -0.610283017     -0.792183459      0.301155120    
 -0.564823449     -0.825211763      0.379491270    
 -0.535826802     -0.844327927      0.422005713    
 -0.506183803     -0.862425625      0.456909984    
 -0.456943184     -0.889495909      0.492124110    
 -0.425779283     -0.904827058      0.498851687    
 -0.394101828     -0.919066787      0.493799835    
 -0.341856629     -0.939752102      0.462620497    
 -0.309017003     -0.951056540      0.431584686    
 -0.275804609     -0.961213708      0.394031495    
 -0.221378833     -0.975187898      0.325269133    
 -0.187381312     -0.982287228      0.281297058    
 -0.153157771     -0.988201737      0.238470897    
  -9.74097401E-02 -0.995244384      0.175201729    
  -6.27905205E-02 -0.998026729      0.141256452    
  -2.80955620E-02 -0.999605238      0.111789398    
   2.80955620E-02 -0.999605238       7.36807510E-02
   6.27905205E-02 -0.998026729       5.56358434E-02
   9.74097401E-02 -0.995244384       4.12839353E-02
  0.153157771     -0.988201737       2.45628934E-02
  0.187381312     -0.982287228       1.74334086E-02
  0.221378833     -0.975187898       1.21758915E-02
  0.275804609     -0.961213708       6.57451246E-03
  0.309017003     -0.951056540       4.39557154E-03
  0.341856629     -0.939752102       2.89344252E-03
  0.394101828     -0.919066787       1.43158878E-03
  0.425779283     -0.904827058       9.03382432E-04
  0.456943184     -0.889495909       5.55433275E-04
  0.506183803     -0.862425625       2.53219187E-04
  0.535826802     -0.844327927       1.55433256E-04
  0.564823449     -0.825211763       9.15954952E-05
  0.610283017     -0.792183459       3.08159360E-05
  0.637423992     -0.770513237       1.99380684E-05
  0.663796067     -0.747913599       1.70527292E-05
  0.704757631     -0.709448099       3.09286861E-06
  0.728968620     -0.684547126      -1.56903820E-06
  0.752300262     -0.658820391      -8.83422686E-08
  0.788117886     -0.615524352       4.63783545E-06
  0.809017003     -0.587785244       9.16719998E-08
  0.828940272     -0.559337139      -3.39970097E-06
  0.859048963     -0.511893392       2.27396256E-07
  0.876306653     -0.481753677       2.97448514E-06
  0.892507374     -0.451032847       2.25239910E-06
  0.916432381     -0.400189579      -4.28649673E-06
  0.929776490     -0.368124545      -5.73004570E-07
  0.941999078     -0.335615486       3.38351947E-06
  0.959363103     -0.282174528       2.29899257E-07
  0.968583167     -0.248689890      -3.48249341E-06
  0.976634920     -0.214905262      -2.37097220E-06
  0.987164080     -0.159709439       4.84200518E-06
  0.992114723     -0.125333235       4.83599194E-07
  0.995868623      -9.08058509E-02  -4.60129331E-06
  0.999396861      -3.47256102E-02   1.06075231E-06
   1.00000000      -2.44929371E-16   4.52059840E-06
