   1.00000000       0.00000000      0.340266556    
  0.999396861       3.47256102E-02  0.345304787    
  0.995868623       9.08058509E-02  0.372758448    
  0.992114723      0.125333235      0.398260504    
  0.987164080      0.159709439      0.426621258    
  0.976634920      0.214905262      0.469710082    
  0.968583167      0.248689890      0.489382952    
  0.959363103      0.282174528      0.500656426    
  0.941999078      0.335615486      0.497456104    
  0.929776490      0.368124545      0.481783092    
  0.916432381      0.400189579      0.456560284    
  0.892507374      0.451032847      0.399749130    
  0.876306653      0.481753677      0.358118951    
  0.859048963      0.511893392      0.314187795    
  0.828940272      0.559337139      0.243449315    
  0.809017003      0.587785244      0.202582553    
  0.788117886      0.615524352      0.165315703    
  0.752300262      0.658820391      0.114251077    
  0.728968620      0.684547126       8.87274444E-02
  0.704757631      0.709448099       6.76557496E-02
  0.663796067      0.747913599       4.19957899E-02
  0.637423992      0.770513237       3.05537898E-02
  0.610283017      0.792183459       2.18477547E-02
  0.564823449      0.825211763       1.22545464E-02
  0.535826802      0.844327927       8.37801211E-03
  0.506183803      0.862425625       5.63256070E-03
  0.456943184      0.889495909       2.86699086E-03
  0.425779283      0.904827058       1.84882956E-03
  0.394101828      0.919066787       1.17198657E-03
  0.341856629      0.939752102       5.41037589E-04
  0.309017003      0.951056540       3.31939780E-04
  0.275804609      0.961213708       1.97303685E-04
  0.221378833      0.975187898       8.35146566E-05
  0.187381312      0.982287228       5.02795629E-05
  0.153157771      0.988201737       2.70381770E-05
   9.74097401E-02  0.995244384       8.39795757E-06
   6.27905205E-02  0.998026729       5.82650864E-06
   2.80955620E-02  0.999605238       6.97560790E-06
  -2.80955620E-02  0.999605238      -2.37331506E-06
  -6.27905205E-02  0.998026729      -1.86019076E-06
  -9.74097401E-02  0.995244384       2.32396519E-06
 -0.153157771      0.988201737       2.11760971E-06
 -0.187381312      0.982287228      -2.01692842E-06
 -0.221378833      0.975187898      -4.34847334E-06
 -0.275804609      0.961213708       5.41948430E-06
 -0.309017003      0.951056540      -6.29579006E-07
 -0.341856629      0.939752102      -2.58596901E-06
 -0.394101828      0.919066787      -1.22040967E-06
 -0.425779283      0.904827058       1.08003974E-06
 -0.456943184      0.889495909       4.92381378E-06
 -0.506183803      0.862425625      -6.84047245E-06
 -0.535826802      0.844327927       2.17484694E-06
 -0.564823449      0.825211763       3.92004176E-06
 -0.610283017      0.792183459      -6.92941626E-07
 -0.637423992      0.770513237       4.43423886E-07
 -0.663796067      0.747913599      -4.62702246E-06
 -0.704757631      0.709448099       7.58024589E-06
 -0.728968620      0.684547126      -1.66479060E-06
 -0.752300262      0.658820391      -6.81393067E-06
 -0.788117886      0.615524352       4.67776499E-06
 -0.809017003      0.587785244      -1.13813144E-06
 -0.828940272      0.559337139       9.60351827E-07
 -0.859048963      0.511893392      -4.80349718E-06
 -0.876306653      0.481753677       7.40611597E-07
 -0.892507374      0.451032847       7.05271623E-06
 -0.916432381      0.400189579      -7.08720790E-06
 -0.929776490      0.368124545       1.68699137E-06
 -0.941999078      0.335615486       3.05360027E-06
 -0.959363103      0.282174528       2.42414757E-07
 -0.968583167      0.248689890       3.20546860E-07
 -0.976634920      0.214905262      -4.27122723E-06
 -0.987164080      0.159709439       5.83334258E-06
 -0.992114723      0.125333235      -9.57135740E-07
 -0.995868623       9.08058509E-02  -4.42942974E-06
 -0.999396861       3.47256102E-02   2.20481206E-06
  -1.00000000       1.22464685E-16  -9.46691046E-07
 -0.999396861      -3.47256102E-02   2.20481206E-06
 -0.995868623      -9.08058509E-02  -4.42942974E-06
 -0.992114723     -0.125333235      -9.57135740E-07
 -0.987164080     -0.159709439       5.83334258E-06
 -0.976634920     -0.214905262      -4.27122723E-06
 -0.968583167     -0.248689890       3.20546860E-07
 -0.959363103     -0.282174528       2.42414757E-07
 -0.941999078     -0.335615486       3.05360027E-06
 -0.929776490     -0.368124545       1.68699137E-06
 -0.916432381     -0.400189579      -7.08720790E-06
 -0.892507374     -0.451032847       7.05271623E-06
 -0.876306653     -0.481753677       7.40611597E-07
 -0.859048963     -0.511893392      -4.80349718E-06
 -0.828940272     -0.559337139       9.60351827E-07
 -0.809017003     -0.587785244      -1.13813144E-06
 -0.788117886     -0.615524352       4.67776499E-06
 -0.752300262     -0.658820391      -6.81393067E-06
 -0.728968620     -0.684547126      -1.66479060E-06
 -0.704757631     -0.709448099       7.58024589E-06
 -0.663796067     -0.747913599      -4.62702246E-06
 -0.637423992     -0.770513237       4.43423886E-07
 -0.610283017     -0.792183459      -6.92941626E-07
 -0.564823449     -0.825211763       3.92004176E-06
 -0.535826802     -0.844327927       2.17484694E-06
 -0.506183803     -0.862425625      -6.84047245E-06
 -0.456943184     -0.889495909       4.92381378E-06
 -0.425779283     -0.904827058       1.08003974E-06
 -0.394101828     -0.919066787      -1.22040967E-06
 -0.341856629     -0.939752102      -2.58596901E-06
 -0.309017003     -0.951056540      -6.29579006E-07
 -0.275804609     -0.961213708       5.41948430E-06
 -0.221378833     -0.975187898      -4.34847334E-06
 -0.187381312     -0.982287228      -2.01692842E-06
 -0.153157771     -0.988201737       2.11760971E-06
  -9.74097401E-02 -0.995244384       2.32396519E-06
  -6.27905205E-02 -0.998026729      -1.86019076E-06
  -2.80955620E-02 -0.999605238      -2.37331506E-06
   2.80955620E-02 -0.999605238       6.97560790E-06
   6.27905205E-02 -0.998026729       5.82650864E-06
   9.74097401E-02 -0.995244384       8.39795757E-06
  0.153157771     -0.988201737       2.70381770E-05
  0.187381312     -0.982287228       5.02795629E-05
  0.221378833     -0.975187898       8.35146566E-05
  0.275804609     -0.961213708       1.97303685E-04
  0.309017003     -0.951056540       3.31939780E-04
  0.341856629     -0.939752102       5.41037589E-04
  0.394101828     -0.919066787       1.17198657E-03
  0.425779283     -0.904827058       1.84882956E-03
  0.456943184     -0.889495909       2.86699086E-03
  0.506183803     -0.862425625       5.63256070E-03
  0.535826802     -0.844327927       8.37801211E-03
  0.564823449     -0.825211763       1.22545464E-02
  0.610283017     -0.792183459       2.18477547E-02
  0.637423992     -0.770513237       3.05537898E-02
  0.663796067     -0.747913599       4.19957899E-02
  0.704757631     -0.709448099       6.76557496E-02
  0.728968620     -0.684547126       8.87274444E-02
  0.752300262     -0.658820391      0.114251077    
  0.788117886     -0.615524352      0.165315703    
  0.809017003     -0.587785244      0.202582553    
  0.828940272     -0.559337139      0.243449315    
  0.859048963     -0.511893392      0.314187795    
  0.876306653     -0.481753677      0.358118951    
  0.892507374     -0.451032847      0.399749130    
  0.916432381     -0.400189579      0.456560284    
  0.929776490     -0.368124545      0.481783092    
  0.941999078     -0.335615486      0.497456104    
  0.959363103     -0.282174528      0.500656426    
  0.968583167     -0.248689890      0.489382952    
  0.976634920     -0.214905262      0.469710082    
  0.987164080     -0.159709439      0.426621258    
  0.992114723     -0.125333235      0.398260504    
  0.995868623      -9.08058509E-02  0.372758448    
  0.999396861      -3.47256102E-02  0.345304787    
   1.00000000      -2.44929371E-16  0.340266556    
