   1.00000000       0.00000000      -4.62067407E-12
  0.999396861       3.47256102E-02   3.98805034E-12
  0.995868623       9.08058509E-02   5.06194704E-11
  0.992114723      0.125333235       9.87412027E-11
  0.987164080      0.159709439       2.39050529E-10
  0.976634920      0.214905262       1.47258594E-09
  0.968583167      0.248689890       3.92195121E-09
  0.959363103      0.282174528       9.55503854E-09
  0.941999078      0.335615486       4.32080220E-08
  0.929776490      0.368124545       1.05740625E-07
  0.916432381      0.400189579       2.47589526E-07
  0.892507374      0.451032847       9.59115937E-07
  0.876306653      0.481753677       2.12705754E-06
  0.859048963      0.511893392       4.59889588E-06
  0.828940272      0.559337139       1.53713845E-05
  0.809017003      0.587785244       3.11320582E-05
  0.788117886      0.615524352       6.15856989E-05
  0.752300262      0.658820391       1.77116177E-04
  0.728968620      0.684547126       3.27991729E-04
  0.704757631      0.709448099       5.92715223E-04
  0.663796067      0.747913599       1.46699825E-03
  0.637423992      0.770513237       2.48233369E-03
  0.610283017      0.792183459       4.09677858E-03
  0.564823449      0.825211763       8.74012616E-03
  0.535826802      0.844327927       1.35089476E-02
  0.506183803      0.862425625       2.03637891E-02
  0.456943184      0.889495909       3.75107378E-02
  0.425779283      0.904827058       5.29695824E-02
  0.394101828      0.919066787       7.29619637E-02
  0.341856629      0.939752102      0.116205245    
  0.309017003      0.951056540      0.150008067    
  0.275804609      0.961213708      0.188922614    
  0.221378833      0.975187898      0.260459304    
  0.187381312      0.982287228      0.307579964    
  0.153157771      0.988201737      0.354435742    
   9.74097401E-02  0.995244384      0.423402131    
   6.27905205E-02  0.998026729      0.457730472    
   2.80955620E-02  0.999605238      0.482961327    
  -2.80955620E-02  0.999605238      0.500398636    
  -6.27905205E-02  0.998026729      0.495557398    
  -9.74097401E-02  0.995244384      0.479075640    
 -0.153157771      0.988201737      0.430975884    
 -0.187381312      0.982287228      0.391215473    
 -0.221378833      0.975187898      0.346722156    
 -0.275804609      0.961213708      0.271113902    
 -0.309017003      0.951056540      0.225719973    
 -0.341856629      0.939752102      0.183495745    
 -0.394101828      0.919066787      0.124843791    
 -0.425779283      0.904827058       9.53925401E-02
 -0.456943184      0.889495909       7.11792856E-02
 -0.506183803      0.862425625       4.21717018E-02
 -0.535826802      0.844327927       2.95865107E-02
 -0.564823449      0.825211763       2.02874411E-02
 -0.610283017      0.792183459       1.04703559E-02
 -0.637423992      0.770513237       6.74716756E-03
 -0.663796067      0.747913599       4.25814558E-03
 -0.704757631      0.709448099       1.91345031E-03
 -0.728968620      0.684547126       1.13945489E-03
 -0.752300262      0.658820391       6.56623626E-04
 -0.788117886      0.615524352       2.58928572E-04
 -0.809017003      0.587785244       1.45502723E-04
 -0.828940272      0.559337139       7.21074975E-05
 -0.859048963      0.511893392       2.80786498E-05
 -0.876306653      0.481753677       1.09531911E-05
 -0.892507374      0.451032847       5.52654865E-06
 -0.916432381      0.400189579       3.10575160E-06
 -0.929776490      0.368124545      -1.49895288E-06
 -0.941999078      0.335615486       6.56048826E-07
 -0.959363103      0.282174528       5.11999545E-08
 -0.968583167      0.248689890       2.49874319E-07
 -0.976634920      0.214905262       3.72308797E-08
 -0.987164080      0.159709439      -1.76170985E-07
 -0.992114723      0.125333235       5.03122692E-07
 -0.995868623       9.08058509E-02  -7.00989631E-08
 -0.999396861       3.47256102E-02  -8.14391470E-08
  -1.00000000       1.22464685E-16   3.94094286E-07
 -0.999396861      -3.47256102E-02  -8.14391470E-08
 -0.995868623      -9.08058509E-02  -7.00989631E-08
 -0.992114723     -0.125333235       5.03122692E-07
 -0.987164080     -0.159709439      -1.76170985E-07
 -0.976634920     -0.214905262       3.72308797E-08
 -0.968583167     -0.248689890       2.49874319E-07
 -0.959363103     -0.282174528       5.11999545E-08
 -0.941999078     -0.335615486       6.56048826E-07
 -0.929776490     -0.368124545      -1.49895288E-06
 -0.916432381     -0.400189579       3.10575160E-06
 -0.892507374     -0.451032847       5.52654865E-06
 -0.876306653     -0.481753677       1.09531911E-05
 -0.859048963     -0.511893392       2.80786498E-05
 -0.828940272     -0.559337139       7.21074975E-05
 -0.809017003     -0.587785244       1.45502723E-04
 -0.788117886     -0.615524352       2.58928572E-04
 -0.752300262     -0.658820391       6.56623626E-04
 -0.728968620     -0.684547126       1.13945489E-03
 -0.704757631     -0.709448099       1.91345031E-03
 -0.663796067     -0.747913599       4.25814558E-03
 -0.637423992     -0.770513237       6.74716756E-03
 -0.610283017     -0.792183459       1.04703559E-02
 -0.564823449     -0.825211763       2.02874411E-02
 -0.535826802     -0.844327927       2.95865107E-02
 -0.506183803     -0.862425625       4.21717018E-02
 -0.456943184     -0.889495909       7.11792856E-02
 -0.425779283     -0.904827058       9.53925401E-02
 -0.394101828     -0.919066787      0.124843791    
 -0.341856629     -0.939752102      0.183495745    
 -0.309017003     -0.951056540      0.225719973    
 -0.275804609     -0.961213708      0.271113902    
 -0.221378833     -0.975187898      0.346722156    
 -0.187381312     -0.982287228      0.391215473    
 -0.153157771     -0.988201737      0.430975884    
  -9.74097401E-02 -0.995244384      0.479075640    
  -6.27905205E-02 -0.998026729      0.495557398    
  -2.80955620E-02 -0.999605238      0.500398636    
   2.80955620E-02 -0.999605238      0.482961327    
   6.27905205E-02 -0.998026729      0.457730472    
   9.74097401E-02 -0.995244384      0.423402131    
  0.153157771     -0.988201737      0.354435742    
  0.187381312     -0.982287228      0.307579964    
  0.221378833     -0.975187898      0.260459304    
  0.275804609     -0.961213708      0.188922614    
  0.309017003     -0.951056540      0.150008067    
  0.341856629     -0.939752102      0.116205245    
  0.394101828     -0.919066787       7.29619637E-02
  0.425779283     -0.904827058       5.29695824E-02
  0.456943184     -0.889495909       3.75107378E-02
  0.506183803     -0.862425625       2.03637891E-02
  0.535826802     -0.844327927       1.35089476E-02
  0.564823449     -0.825211763       8.74012616E-03
  0.610283017     -0.792183459       4.09677858E-03
  0.637423992     -0.770513237       2.48233369E-03
  0.663796067     -0.747913599       1.46699825E-03
  0.704757631     -0.709448099       5.92715223E-04
  0.728968620     -0.684547126       3.27991729E-04
  0.752300262     -0.658820391       1.77116177E-04
  0.788117886     -0.615524352       6.15856989E-05
  0.809017003     -0.587785244       3.11320582E-05
  0.828940272     -0.559337139       1.53713845E-05
  0.859048963     -0.511893392       4.59889588E-06
  0.876306653     -0.481753677       2.12705754E-06
  0.892507374     -0.451032847       9.59115937E-07
  0.916432381     -0.400189579       2.47589526E-07
  0.929776490     -0.368124545       1.05740625E-07
  0.941999078     -0.335615486       4.32080220E-08
  0.959363103     -0.282174528       9.55503854E-09
  0.968583167     -0.248689890       3.92195121E-09
  0.976634920     -0.214905262       1.47258594E-09
  0.987164080     -0.159709439       2.39050529E-10
  0.992114723     -0.125333235       9.87412027E-11
  0.995868623      -9.08058509E-02   5.06194704E-11
  0.999396861      -3.47256102E-02   3.98805034E-12
   1.00000000      -2.44929371E-16  -4.62067407E-12
