   1.00000000       0.00000000       8.79892264E-04
  0.999396861       3.47256102E-02   1.02831959E-03
  0.995868623       9.08058509E-02   2.01035431E-03
  0.992114723      0.125333235       3.27251991E-03
  0.987164080      0.159709439       5.30057168E-03
  0.976634920      0.214905262       1.10828886E-02
  0.968583167      0.248689890       1.69365946E-02
  0.959363103      0.282174528       2.52386723E-02
  0.941999078      0.335615486       4.56039868E-02
  0.929776490      0.368124545       6.36084974E-02
  0.916432381      0.400189579       8.65122378E-02
  0.892507374      0.451032847      0.134909615    
  0.876306653      0.481753677      0.171843067    
  0.859048963      0.511893392      0.213505417    
  0.828940272      0.559337139      0.287847251    
  0.809017003      0.587785244      0.335194498    
  0.788117886      0.615524352      0.380846649    
  0.752300262      0.658820391      0.444611251    
  0.728968620      0.684547126      0.473839432    
  0.704757631      0.709448099      0.492853850    
  0.663796067      0.747913599      0.498975873    
  0.637423992      0.770513237      0.487165987    
  0.610283017      0.792183459      0.464331418    
  0.564823449      0.825211763      0.408312172    
  0.535826802      0.844327927      0.365532607    
  0.506183803      0.862425625      0.319544017    
  0.456943184      0.889495909      0.244456038    
  0.425779283      0.904827058      0.200839475    
  0.394101828      0.919066787      0.161163092    
  0.341856629      0.939752102      0.107429311    
  0.309017003      0.951056540       8.10765848E-02
  0.275804609      0.961213708       5.97724393E-02
  0.221378833      0.975187898       3.47587802E-02
  0.187381312      0.982287228       2.41253302E-02
  0.153157771      0.988201737       1.63590219E-02
   9.74097401E-02  0.995244384       8.30091629E-03
   6.27905205E-02  0.998026729       5.30759012E-03
   2.80955620E-02  0.999605238       3.31499381E-03
  -2.80955620E-02  0.999605238       1.46777753E-03
  -6.27905205E-02  0.998026729       8.62243236E-04
  -9.74097401E-02  0.995244384       4.97778237E-04
 -0.153157771      0.988201737       1.95856599E-04
 -0.187381312      0.982287228       9.68147579E-05
 -0.221378833      0.975187898       5.50902914E-05
 -0.275804609      0.961213708       2.14910597E-05
 -0.309017003      0.951056540       5.83143492E-06
 -0.341856629      0.939752102       3.96008500E-06
 -0.394101828      0.919066787       1.07714686E-06
 -0.425779283      0.904827058       6.71293719E-06
 -0.456943184      0.889495909      -1.85852889E-06
 -0.506183803      0.862425625      -3.48470877E-07
 -0.535826802      0.844327927       5.37742062E-06
 -0.564823449      0.825211763      -1.60655611E-06
 -0.610283017      0.792183459       6.59515820E-07
 -0.637423992      0.770513237      -1.80252084E-06
 -0.663796067      0.747913599       6.05322043E-07
 -0.704757631      0.709448099       1.55471529E-08
 -0.728968620      0.684547126      -2.18948844E-06
 -0.752300262      0.658820391       1.05116339E-06
 -0.788117886      0.615524352      -5.48739877E-07
 -0.809017003      0.587785244      -1.25826872E-07
 -0.828940272      0.559337139       3.70628243E-07
 -0.859048963      0.511893392      -2.20840533E-07
 -0.876306653      0.481753677      -1.31953485E-07
 -0.892507374      0.451032847       2.18237346E-07
 -0.916432381      0.400189579      -1.36703932E-07
 -0.929776490      0.368124545       1.09269394E-08
 -0.941999078      0.335615486       4.97869053E-08
 -0.959363103      0.282174528      -5.34533378E-08
 -0.968583167      0.248689890       1.62959765E-07
 -0.976634920      0.214905262      -1.76649735E-08
 -0.987164080      0.159709439      -1.62237352E-08
 -0.992114723      0.125333235       5.43258913E-08
 -0.995868623       9.08058509E-02  -2.86798532E-08
 -0.999396861       3.47256102E-02  -8.50280557E-09
  -1.00000000       1.22464685E-16   1.14913256E-07
 -0.999396861      -3.47256102E-02  -8.50280557E-09
 -0.995868623      -9.08058509E-02  -2.86798549E-08
 -0.992114723     -0.125333235       5.43258913E-08
 -0.987164080     -0.159709439      -1.62237352E-08
 -0.976634920     -0.214905262      -1.76649735E-08
 -0.968583167     -0.248689890       1.62959765E-07
 -0.959363103     -0.282174528      -5.34533378E-08
 -0.941999078     -0.335615486       4.97869053E-08
 -0.929776490     -0.368124545       1.09269394E-08
 -0.916432381     -0.400189579      -1.36703932E-07
 -0.892507374     -0.451032847       2.18237346E-07
 -0.876306653     -0.481753677      -1.31953485E-07
 -0.859048963     -0.511893392      -2.20840533E-07
 -0.828940272     -0.559337139       3.70628243E-07
 -0.809017003     -0.587785244      -1.25826872E-07
 -0.788117886     -0.615524352      -5.48739877E-07
 -0.752300262     -0.658820391       1.05116339E-06
 -0.728968620     -0.684547126      -2.18948844E-06
 -0.704757631     -0.709448099       1.55471529E-08
 -0.663796067     -0.747913599       6.05322043E-07
 -0.637423992     -0.770513237      -1.80252084E-06
 -0.610283017     -0.792183459       6.59515820E-07
 -0.564823449     -0.825211763      -1.60655611E-06
 -0.535826802     -0.844327927       5.37742062E-06
 -0.506183803     -0.862425625      -3.48470877E-07
 -0.456943184     -0.889495909      -1.85852889E-06
 -0.425779283     -0.904827058       6.71293719E-06
 -0.394101828     -0.919066787       1.07714686E-06
 -0.341856629     -0.939752102       3.96008500E-06
 -0.309017003     -0.951056540       5.83143492E-06
 -0.275804609     -0.961213708       2.14910597E-05
 -0.221378833     -0.975187898       5.50902914E-05
 -0.187381312     -0.982287228       9.68147579E-05
 -0.153157771     -0.988201737       1.95856599E-04
  -9.74097401E-02 -0.995244384       4.97778237E-04
  -6.27905205E-02 -0.998026729       8.62243236E-04
  -2.80955620E-02 -0.999605238       1.46777753E-03
   2.80955620E-02 -0.999605238       3.31499381E-03
   6.27905205E-02 -0.998026729       5.30759012E-03
   9.74097401E-02 -0.995244384       8.30091629E-03
  0.153157771     -0.988201737       1.63590219E-02
  0.187381312     -0.982287228       2.41253302E-02
  0.221378833     -0.975187898       3.47587802E-02
  0.275804609     -0.961213708       5.97724393E-02
  0.309017003     -0.951056540       8.10765848E-02
  0.341856629     -0.939752102      0.107429311    
  0.394101828     -0.919066787      0.161163092    
  0.425779283     -0.904827058      0.200839475    
  0.456943184     -0.889495909      0.244456038    
  0.506183803     -0.862425625      0.319544017    
  0.535826802     -0.844327927      0.365532607    
  0.564823449     -0.825211763      0.408312172    
  0.610283017     -0.792183459      0.464331418    
  0.637423992     -0.770513237      0.487165987    
  0.663796067     -0.747913599      0.498975873    
  0.704757631     -0.709448099      0.492853850    
  0.728968620     -0.684547126      0.473839432    
  0.752300262     -0.658820391      0.444611251    
  0.788117886     -0.615524352      0.380846649    
  0.809017003     -0.587785244      0.335194498    
  0.828940272     -0.559337139      0.287847251    
  0.859048963     -0.511893392      0.213505417    
  0.876306653     -0.481753677      0.171843067    
  0.892507374     -0.451032847      0.134909615    
  0.916432381     -0.400189579       8.65122378E-02
  0.929776490     -0.368124545       6.36084974E-02
  0.941999078     -0.335615486       4.56039868E-02
  0.959363103     -0.282174528       2.52386723E-02
  0.968583167     -0.248689890       1.69365946E-02
  0.976634920     -0.214905262       1.10828886E-02
  0.987164080     -0.159709439       5.30057168E-03
  0.992114723     -0.125333235       3.27251991E-03
  0.995868623      -9.08058509E-02   2.01035431E-03
  0.999396861      -3.47256102E-02   1.02831959E-03
   1.00000000      -2.44929371E-16   8.79892264E-04
