   1.00000000       0.00000000       4.01613897E-06
  0.999396861       3.47256102E-02   4.33230639E-07
  0.995868623       9.08058509E-02  -2.61318769E-06
  0.992114723      0.125333235      -5.04345905E-07
  0.987164080      0.159709439       2.22523522E-06
  0.976634920      0.214905262       1.05134654E-06
  0.968583167      0.248689890      -3.89235629E-06
  0.959363103      0.282174528      -2.82049064E-06
  0.941999078      0.335615486       5.24915822E-06
  0.929776490      0.368124545       9.47739466E-07
  0.916432381      0.400189579      -5.06699962E-06
  0.892507374      0.451032847       1.33000151E-06
  0.876306653      0.481753677       3.45128001E-06
  0.859048963      0.511893392       1.62717890E-06
  0.828940272      0.559337139      -4.75775460E-06
  0.809017003      0.587785244      -1.04690525E-06
  0.788117886      0.615524352       5.41862664E-06
  0.752300262      0.658820391      -2.31305216E-06
  0.728968620      0.684547126      -2.60229785E-06
  0.704757631      0.709448099      -5.22446328E-07
  0.663796067      0.747913599       3.02982471E-06
  0.637423992      0.770513237       1.87006992E-06
  0.610283017      0.792183459      -3.87439286E-06
  0.564823449      0.825211763       5.82759299E-07
  0.535826802      0.844327927       2.56798148E-06
  0.506183803      0.862425625       2.10577355E-06
  0.456943184      0.889495909      -3.99811506E-06
  0.425779283      0.904827058      -2.91615015E-06
  0.394101828      0.919066787       4.51798451E-06
  0.341856629      0.939752102      -2.30345066E-07
  0.309017003      0.951056540      -3.30435955E-06
  0.275804609      0.961213708      -2.73880482E-06
  0.221378833      0.975187898       5.32719241E-06
  0.187381312      0.982287228       1.67402641E-06
  0.153157771      0.988201737      -5.76205321E-06
   9.74097401E-02  0.995244384       2.35463335E-06
   6.27905205E-02  0.998026729       2.60670595E-06
   2.80955620E-02  0.999605238       9.39491770E-07
  -2.80955620E-02  0.999605238      -4.92496383E-06
  -6.27905205E-02  0.998026729       9.07295885E-07
  -9.74097401E-02  0.995244384       4.69139877E-06
 -0.153157771      0.988201737      -2.73932960E-06
 -0.187381312      0.982287228       4.46442709E-06
 -0.221378833      0.975187898       4.85598775E-06
 -0.275804609      0.961213708      -1.80413181E-07
 -0.309017003      0.951056540      -1.14857794E-05
 -0.341856629      0.939752102      -1.89101283E-05
 -0.394101828      0.919066787      -1.45897739E-05
 -0.425779283      0.904827058      -3.13262331E-06
 -0.456943184      0.889495909       5.10334939E-05
 -0.506183803      0.862425625       1.89679762E-04
 -0.535826802      0.844327927       2.60061235E-04
 -0.564823449      0.825211763       2.60095112E-04
 -0.610283017      0.792183459      -4.90096609E-05
 -0.637423992      0.770513237      -5.01337287E-04
 -0.663796067      0.747913599      -1.11572724E-03
 -0.704757631      0.709448099      -1.76722812E-03
 -0.728968620      0.684547126      -1.12814596E-03
 -0.752300262      0.658820391       1.30951905E-03
 -0.788117886      0.615524352       1.20594669E-02
 -0.809017003      0.587785244       2.50875801E-02
 -0.828940272      0.559337139       4.46345136E-02
 -0.859048963      0.511893392       9.27604362E-02
 -0.876306653      0.481753677      0.133586138    
 -0.892507374      0.451032847      0.182711035    
 -0.916432381      0.400189579      0.277201593    
 -0.929776490      0.368124545      0.342165053    
 -0.941999078      0.335615486      0.409505606    
 -0.959363103      0.282174528      0.517332435    
 -0.968583167      0.248689890      0.579605997    
 -0.976634920      0.214905262      0.636192381    
 -0.987164080      0.159709439      0.712224364    
 -0.992114723      0.125333235      0.748324454    
 -0.995868623       9.08058509E-02  0.775654435    
 -0.999396861       3.47256102E-02  0.801185906    
  -1.00000000       1.22464685E-16  0.805527449    
 -0.999396861      -3.47256102E-02  0.801185906    
 -0.995868623      -9.08058509E-02  0.775654435    
 -0.992114723     -0.125333235      0.748324454    
 -0.987164080     -0.159709439      0.712224364    
 -0.976634920     -0.214905262      0.636192381    
 -0.968583167     -0.248689890      0.579605997    
 -0.959363103     -0.282174528      0.517332435    
 -0.941999078     -0.335615486      0.409505606    
 -0.929776490     -0.368124545      0.342165053    
 -0.916432381     -0.400189579      0.277201593    
 -0.892507374     -0.451032847      0.182711035    
 -0.876306653     -0.481753677      0.133586138    
 -0.859048963     -0.511893392       9.27604362E-02
 -0.828940272     -0.559337139       4.46345136E-02
 -0.809017003     -0.587785244       2.50875801E-02
 -0.788117886     -0.615524352       1.20594669E-02
 -0.752300262     -0.658820391       1.30951905E-03
 -0.728968620     -0.684547126      -1.12814596E-03
 -0.704757631     -0.709448099      -1.76722812E-03
 -0.663796067     -0.747913599      -1.11572724E-03
 -0.637423992     -0.770513237      -5.01337287E-04
 -0.610283017     -0.792183459      -4.90096609E-05
 -0.564823449     -0.825211763       2.60095112E-04
 -0.535826802     -0.844327927       2.60061235E-04
 -0.506183803     -0.862425625       1.89679762E-04
 -0.456943184     -0.889495909       5.10334939E-05
 -0.425779283     -0.904827058      -3.13262331E-06
 -0.394101828     -0.919066787      -1.45897739E-05
 -0.341856629     -0.939752102      -1.89101283E-05
 -0.309017003     -0.951056540      -1.14857794E-05
 -0.275804609     -0.961213708      -1.80413181E-07
 -0.221378833     -0.975187898       4.85598775E-06
 -0.187381312     -0.982287228       4.46442709E-06
 -0.153157771     -0.988201737      -2.73932960E-06
  -9.74097401E-02 -0.995244384       4.69139877E-06
  -6.27905205E-02 -0.998026729       9.07295885E-07
  -2.80955620E-02 -0.999605238      -4.92496383E-06
   2.80955620E-02 -0.999605238       9.39491770E-07
   6.27905205E-02 -0.998026729       2.60670595E-06
   9.74097401E-02 -0.995244384       2.35463335E-06
  0.153157771     -0.988201737      -5.76205321E-06
  0.187381312     -0.982287228       1.67402641E-06
  0.221378833     -0.975187898       5.32719241E-06
  0.275804609     -0.961213708      -2.73880482E-06
  0.309017003     -0.951056540      -3.30435955E-06
  0.341856629     -0.939752102      -2.30345066E-07
  0.394101828     -0.919066787       4.51798451E-06
  0.425779283     -0.904827058      -2.91615015E-06
  0.456943184     -0.889495909      -3.99811506E-06
  0.506183803     -0.862425625       2.10577355E-06
  0.535826802     -0.844327927       2.56798148E-06
  0.564823449     -0.825211763       5.82759299E-07
  0.610283017     -0.792183459      -3.87439286E-06
  0.637423992     -0.770513237       1.87006992E-06
  0.663796067     -0.747913599       3.02982471E-06
  0.704757631     -0.709448099      -5.22446328E-07
  0.728968620     -0.684547126      -2.60229785E-06
  0.752300262     -0.658820391      -2.31305216E-06
  0.788117886     -0.615524352       5.41862664E-06
  0.809017003     -0.587785244      -1.04690525E-06
  0.828940272     -0.559337139      -4.75775460E-06
  0.859048963     -0.511893392       1.62717890E-06
  0.876306653     -0.481753677       3.45128001E-06
  0.892507374     -0.451032847       1.33000151E-06
  0.916432381     -0.400189579      -5.06699962E-06
  0.929776490     -0.368124545       9.47739466E-07
  0.941999078     -0.335615486       5.24915822E-06
  0.959363103     -0.282174528      -2.82049064E-06
  0.968583167     -0.248689890      -3.89235629E-06
  0.976634920     -0.214905262       1.05134654E-06
  0.987164080     -0.159709439       2.22523522E-06
  0.992114723     -0.125333235      -5.04345905E-07
  0.995868623      -9.08058509E-02  -2.61318769E-06
  0.999396861      -3.47256102E-02   4.33230639E-07
   1.00000000      -2.44929371E-16   4.01613897E-06
