   1.00000000       0.00000000      -1.33682806E-06
  0.999396861       3.47256102E-02   6.39530811E-07
  0.995868623       9.08058509E-02  -1.18232322E-06
  0.992114723      0.125333235       2.94030474E-06
  0.987164080      0.159709439      -7.55971570E-08
  0.976634920      0.214905262      -1.24861958E-06
  0.968583167      0.248689890       3.90056266E-06
  0.959363103      0.282174528      -6.95445806E-07
  0.941999078      0.335615486       7.88496948E-07
  0.929776490      0.368124545      -4.46655395E-06
  0.916432381      0.400189579       1.33985066E-06
  0.892507374      0.451032847       7.08810319E-07
  0.876306653      0.481753677      -6.59849820E-06
  0.859048963      0.511893392       2.43191835E-06
  0.828940272      0.559337139      -1.14150350E-06
  0.809017003      0.587785244       5.95946517E-07
  0.788117886      0.615524352       3.89663825E-07
  0.752300262      0.658820391      -1.13042483E-06
  0.728968620      0.684547126       5.37996721E-06
  0.704757631      0.709448099      -1.89314414E-06
  0.663796067      0.747913599       8.77692287E-07
  0.637423992      0.770513237       1.84151202E-06
  0.610283017      0.792183459      -2.03467448E-06
  0.564823449      0.825211763       2.32035677E-06
  0.535826802      0.844327927      -3.09310326E-06
  0.506183803      0.862425625      -5.67669758E-07
  0.456943184      0.889495909       1.19918968E-06
  0.425779283      0.904827058      -1.88687295E-06
  0.394101828      0.919066787       1.86067467E-07
  0.341856629      0.939752102      -6.91639571E-07
  0.309017003      0.951056540       1.85667795E-06
  0.275804609      0.961213708       7.01505598E-07
  0.221378833      0.975187898      -1.38752432E-06
  0.187381312      0.982287228       3.06491825E-06
  0.153157771      0.988201737       4.09467611E-06
   9.74097401E-02  0.995244384       7.94134212E-06
   6.27905205E-02  0.998026729       2.15619220E-05
   2.80955620E-02  0.999605238       4.72190077E-05
  -2.80955620E-02  0.999605238       1.42533856E-04
  -6.27905205E-02  0.998026729       2.78075022E-04
  -9.74097401E-02  0.995244384       5.30297111E-04
 -0.153157771      0.988201737       1.39967515E-03
 -0.187381312      0.982287228       2.44483561E-03
 -0.221378833      0.975187898       4.15352779E-03
 -0.275804609      0.961213708       9.20048542E-03
 -0.309017003      0.951056540       1.44636231E-02
 -0.341856629      0.939752102       2.20975261E-02
 -0.394101828      0.919066787       4.13126834E-02
 -0.425779283      0.904827058       5.86265475E-02
 -0.456943184      0.889495909       8.09254423E-02
 -0.506183803      0.862425625      0.128682643    
 -0.535826802      0.844327927      0.165494040    
 -0.564823449      0.825211763      0.207259044    
 -0.610283017      0.792183459      0.282223433    
 -0.637423992      0.770513237      0.330202222    
 -0.663796067      0.747913599      0.376608312    
 -0.704757631      0.709448099      0.441712409    
 -0.728968620      0.684547126      0.471807510    
 -0.752300262      0.658820391      0.491704285    
 -0.788117886      0.615524352      0.499267250    
 -0.809017003      0.587785244      0.488356471    
 -0.828940272      0.559337139      0.466441125    
 -0.859048963      0.511893392      0.411919922    
 -0.876306653      0.481753677      0.369990349    
 -0.892507374      0.451032847      0.324739307    
 -0.916432381      0.400189579      0.250508875    
 -0.929776490      0.368124545      0.207152888    
 -0.941999078      0.335615486      0.167503670    
 -0.959363103      0.282174528      0.113378972    
 -0.968583167      0.248689890       8.66104737E-02
 -0.976634920      0.214905262       6.48234487E-02
 -0.987164080      0.159709439       3.91034037E-02
 -0.992114723      0.125333235       2.82724071E-02
 -0.995868623       9.08058509E-02   2.06522141E-02
 -0.999396861       3.47256102E-02   1.39610013E-02
  -1.00000000       1.22464685E-16   1.28625100E-02
 -0.999396861      -3.47256102E-02   1.39610013E-02
 -0.995868623      -9.08058509E-02   2.06522141E-02
 -0.992114723     -0.125333235       2.82724071E-02
 -0.987164080     -0.159709439       3.91034037E-02
 -0.976634920     -0.214905262       6.48234487E-02
 -0.968583167     -0.248689890       8.66104737E-02
 -0.959363103     -0.282174528      0.113378972    
 -0.941999078     -0.335615486      0.167503670    
 -0.929776490     -0.368124545      0.207152888    
 -0.916432381     -0.400189579      0.250508875    
 -0.892507374     -0.451032847      0.324739307    
 -0.876306653     -0.481753677      0.369990349    
 -0.859048963     -0.511893392      0.411919922    
 -0.828940272     -0.559337139      0.466441125    
 -0.809017003     -0.587785244      0.488356471    
 -0.788117886     -0.615524352      0.499267250    
 -0.752300262     -0.658820391      0.491704285    
 -0.728968620     -0.684547126      0.471807510    
 -0.704757631     -0.709448099      0.441712409    
 -0.663796067     -0.747913599      0.376608312    
 -0.637423992     -0.770513237      0.330202222    
 -0.610283017     -0.792183459      0.282223433    
 -0.564823449     -0.825211763      0.207259044    
 -0.535826802     -0.844327927      0.165494040    
 -0.506183803     -0.862425625      0.128682643    
 -0.456943184     -0.889495909       8.09254423E-02
 -0.425779283     -0.904827058       5.86265475E-02
 -0.394101828     -0.919066787       4.13126834E-02
 -0.341856629     -0.939752102       2.20975261E-02
 -0.309017003     -0.951056540       1.44636231E-02
 -0.275804609     -0.961213708       9.20048542E-03
 -0.221378833     -0.975187898       4.15352779E-03
 -0.187381312     -0.982287228       2.44483561E-03
 -0.153157771     -0.988201737       1.39967515E-03
  -9.74097401E-02 -0.995244384       5.30297111E-04
  -6.27905205E-02 -0.998026729       2.78075022E-04
  -2.80955620E-02 -0.999605238       1.42533856E-04
   2.80955620E-02 -0.999605238       4.72190077E-05
   6.27905205E-02 -0.998026729       2.15619220E-05
   9.74097401E-02 -0.995244384       7.94134212E-06
  0.153157771     -0.988201737       4.09467611E-06
  0.187381312     -0.982287228       3.06491825E-06
  0.221378833     -0.975187898      -1.38752432E-06
  0.275804609     -0.961213708       7.01505598E-07
  0.309017003     -0.951056540       1.85667795E-06
  0.341856629     -0.939752102      -6.91639571E-07
  0.394101828     -0.919066787       1.86067467E-07
  0.425779283     -0.904827058      -1.88687295E-06
  0.456943184     -0.889495909       1.19918968E-06
  0.506183803     -0.862425625      -5.67669758E-07
  0.535826802     -0.844327927      -3.09310326E-06
  0.564823449     -0.825211763       2.32035677E-06
  0.610283017     -0.792183459      -2.03467448E-06
  0.637423992     -0.770513237       1.84151202E-06
  0.663796067     -0.747913599       8.77692287E-07
  0.704757631     -0.709448099      -1.89314414E-06
  0.728968620     -0.684547126       5.37996721E-06
  0.752300262     -0.658820391      -1.13042483E-06
  0.788117886     -0.615524352       3.89663825E-07
  0.809017003     -0.587785244       5.95946517E-07
  0.828940272     -0.559337139      -1.14150350E-06
  0.859048963     -0.511893392       2.43191835E-06
  0.876306653     -0.481753677      -6.59849820E-06
  0.892507374     -0.451032847       7.08810319E-07
  0.916432381     -0.400189579       1.33985066E-06
  0.929776490     -0.368124545      -4.46655395E-06
  0.941999078     -0.335615486       7.88496948E-07
  0.959363103     -0.282174528      -6.95445806E-07
  0.968583167     -0.248689890       3.90056266E-06
  0.976634920     -0.214905262      -1.24861958E-06
  0.987164080     -0.159709439      -7.55971570E-08
  0.992114723     -0.125333235       2.94030474E-06
  0.995868623      -9.08058509E-02  -1.18232322E-06
  0.999396861      -3.47256102E-02   6.39530811E-07
   1.00000000      -2.44929371E-16  -1.33682806E-06
