   1.00000000       0.00000000      -2.46560106E-08
  0.999396861       3.47256102E-02   5.10550876E-07
  0.995868623       9.08058509E-02  -1.48923789E-06
  0.992114723      0.125333235       2.49469963E-06
  0.987164080      0.159709439       3.22011374E-07
  0.976634920      0.214905262      -4.74361258E-07
  0.968583167      0.248689890       1.64516223E-06
  0.959363103      0.282174528      -1.56497970E-06
  0.941999078      0.335615486       2.80745166E-06
  0.929776490      0.368124545      -5.12069801E-06
  0.916432381      0.400189579      -2.57596639E-07
  0.892507374      0.451032847       1.49678942E-06
  0.876306653      0.481753677      -4.74742910E-06
  0.859048963      0.511893392       1.72254852E-06
  0.828940272      0.559337139      -1.99780629E-06
  0.809017003      0.587785244       3.74883234E-06
  0.788117886      0.615524352      -1.13466733E-07
  0.752300262      0.658820391      -5.44075874E-07
  0.728968620      0.684547126       4.84884140E-06
  0.704757631      0.709448099      -3.20829190E-06
  0.663796067      0.747913599       2.93332187E-06
  0.637423992      0.770513237      -7.00670341E-07
  0.610283017      0.792183459      -1.49284574E-06
  0.564823449      0.825211763      -3.28820811E-08
  0.535826802      0.844327927      -1.57108684E-06
  0.506183803      0.862425625       3.73221428E-06
  0.456943184      0.889495909      -5.24213829E-06
  0.425779283      0.904827058      -2.32618845E-07
  0.394101828      0.919066787       5.46065257E-06
  0.341856629      0.939752102      -3.05612525E-06
  0.309017003      0.951056540      -1.88951014E-06
  0.275804609      0.961213708      -4.14955480E-07
  0.221378833      0.975187898       4.36519122E-06
  0.187381312      0.982287228      -1.81904880E-07
  0.153157771      0.988201737      -6.44665215E-06
   9.74097401E-02  0.995244384       5.33326738E-06
   6.27905205E-02  0.998026729       3.02763760E-06
   2.80955620E-02  0.999605238      -2.76950323E-06
  -2.80955620E-02  0.999605238      -4.18956830E-07
  -6.27905205E-02  0.998026729       2.74115723E-06
  -9.74097401E-02  0.995244384       7.88175475E-06
 -0.153157771      0.988201737       5.80705637E-06
 -0.187381312      0.982287228       1.57028044E-05
 -0.221378833      0.975187898       3.58719008E-05
 -0.275804609      0.961213708       8.36467443E-05
 -0.309017003      0.951056540       1.42569566E-04
 -0.341856629      0.939752102       2.41812653E-04
 -0.394101828      0.919066787       5.59886685E-04
 -0.425779283      0.904827058       9.10733885E-04
 -0.456943184      0.889495909       1.45660166E-03
 -0.506183803      0.862425625       3.01900692E-03
 -0.535826802      0.844327927       4.63321479E-03
 -0.564823449      0.825211763       6.98879221E-03
 -0.610283017      0.792183459       1.30961910E-02
 -0.637423992      0.770513237       1.88702494E-02
 -0.663796067      0.747913599       2.67138779E-02
 -0.704757631      0.709448099       4.51236404E-02
 -0.728968620      0.684547126       6.09120876E-02
 -0.752300262      0.658820391       8.07081312E-02
 -0.788117886      0.615524352      0.122245453    
 -0.809017003      0.587785244      0.154084906    
 -0.828940272      0.559337139      0.190439522    
 -0.859048963      0.511893392      0.257181972    
 -0.876306653      0.481753677      0.301550359    
 -0.892507374      0.451032847      0.346376032    
 -0.916432381      0.400189579      0.414849669    
 -0.929776490      0.368124545      0.451338589    
 -0.941999078      0.335615486      0.481097519    
 -0.959363103      0.282174528      0.511684477    
 -0.968583167      0.248689890      0.518974543    
 -0.976634920      0.214905262      0.518050909    
 -0.987164080      0.159709439      0.503323257    
 -0.992114723      0.125333235      0.489855796    
 -0.995868623       9.08058509E-02  0.476330400    
 -0.999396861       3.47256102E-02  0.460690767    
  -1.00000000       1.22464685E-16  0.457724631    
 -0.999396861      -3.47256102E-02  0.460690767    
 -0.995868623      -9.08058509E-02  0.476330400    
 -0.992114723     -0.125333235      0.489855796    
 -0.987164080     -0.159709439      0.503323257    
 -0.976634920     -0.214905262      0.518050909    
 -0.968583167     -0.248689890      0.518974543    
 -0.959363103     -0.282174528      0.511684477    
 -0.941999078     -0.335615486      0.481097519    
 -0.929776490     -0.368124545      0.451338589    
 -0.916432381     -0.400189579      0.414849669    
 -0.892507374     -0.451032847      0.346376032    
 -0.876306653     -0.481753677      0.301550359    
 -0.859048963     -0.511893392      0.257181972    
 -0.828940272     -0.559337139      0.190439522    
 -0.809017003     -0.587785244      0.154084906    
 -0.788117886     -0.615524352      0.122245453    
 -0.752300262     -0.658820391       8.07081312E-02
 -0.728968620     -0.684547126       6.09120876E-02
 -0.704757631     -0.709448099       4.51236404E-02
 -0.663796067     -0.747913599       2.67138779E-02
 -0.637423992     -0.770513237       1.88702494E-02
 -0.610283017     -0.792183459       1.30961910E-02
 -0.564823449     -0.825211763       6.98879221E-03
 -0.535826802     -0.844327927       4.63321479E-03
 -0.506183803     -0.862425625       3.01900692E-03
 -0.456943184     -0.889495909       1.45660166E-03
 -0.425779283     -0.904827058       9.10733885E-04
 -0.394101828     -0.919066787       5.59886685E-04
 -0.341856629     -0.939752102       2.41812653E-04
 -0.309017003     -0.951056540       1.42569566E-04
 -0.275804609     -0.961213708       8.36467443E-05
 -0.221378833     -0.975187898       3.58719008E-05
 -0.187381312     -0.982287228       1.57028044E-05
 -0.153157771     -0.988201737       5.80705637E-06
  -9.74097401E-02 -0.995244384       7.88175475E-06
  -6.27905205E-02 -0.998026729       2.74115723E-06
  -2.80955620E-02 -0.999605238      -4.18956830E-07
   2.80955620E-02 -0.999605238      -2.76950323E-06
   6.27905205E-02 -0.998026729       3.02763760E-06
   9.74097401E-02 -0.995244384       5.33326738E-06
  0.153157771     -0.988201737      -6.44665215E-06
  0.187381312     -0.982287228      -1.81904880E-07
  0.221378833     -0.975187898       4.36519122E-06
  0.275804609     -0.961213708      -4.14955480E-07
  0.309017003     -0.951056540      -1.88951014E-06
  0.341856629     -0.939752102      -3.05612525E-06
  0.394101828     -0.919066787       5.46065257E-06
  0.425779283     -0.904827058      -2.32618845E-07
  0.456943184     -0.889495909      -5.24213829E-06
  0.506183803     -0.862425625       3.73221428E-06
  0.535826802     -0.844327927      -1.57108684E-06
  0.564823449     -0.825211763      -3.28820811E-08
  0.610283017     -0.792183459      -1.49284574E-06
  0.637423992     -0.770513237      -7.00670341E-07
  0.663796067     -0.747913599       2.93332187E-06
  0.704757631     -0.709448099      -3.20829190E-06
  0.728968620     -0.684547126       4.84884140E-06
  0.752300262     -0.658820391      -5.44075874E-07
  0.788117886     -0.615524352      -1.13466733E-07
  0.809017003     -0.587785244       3.74883234E-06
  0.828940272     -0.559337139      -1.99780629E-06
  0.859048963     -0.511893392       1.72254852E-06
  0.876306653     -0.481753677      -4.74742910E-06
  0.892507374     -0.451032847       1.49678942E-06
  0.916432381     -0.400189579      -2.57596639E-07
  0.929776490     -0.368124545      -5.12069801E-06
  0.941999078     -0.335615486       2.80745166E-06
  0.959363103     -0.282174528      -1.56497970E-06
  0.968583167     -0.248689890       1.64516223E-06
  0.976634920     -0.214905262      -4.74361258E-07
  0.987164080     -0.159709439       3.22011374E-07
  0.992114723     -0.125333235       2.49469963E-06
  0.995868623      -9.08058509E-02  -1.48923789E-06
  0.999396861      -3.47256102E-02   5.10550876E-07
   1.00000000      -2.44929371E-16  -2.46560106E-08
