   1.00000000       0.00000000       2.91046724E-02
  0.999396861       3.47256102E-02   3.03680878E-02
  0.995868623       9.08058509E-02   3.79242375E-02
  0.992114723      0.125333235       4.62203622E-02
  0.987164080      0.159709439       5.75411171E-02
  0.976634920      0.214905262       8.28988776E-02
  0.968583167      0.248689890      0.103291564    
  0.959363103      0.282174528      0.127494395    
  0.941999078      0.335615486      0.174698114    
  0.929776490      0.368124545      0.208510637    
  0.916432381      0.400189579      0.245254651    
  0.892507374      0.451032847      0.308663607    
  0.876306653      0.481753677      0.348365605    
  0.859048963      0.511893392      0.386582851    
  0.828940272      0.559337139      0.440671742    
  0.809017003      0.587785244      0.466289431    
  0.788117886      0.615524352      0.483783841    
  0.752300262      0.658820391      0.491283983    
  0.728968620      0.684547126      0.481659055    
  0.704757631      0.709448099      0.460984260    
  0.663796067      0.747913599      0.406138361    
  0.637423992      0.770513237      0.361560315    
  0.610283017      0.792183459      0.311554521    
  0.564823449      0.825211763      0.226036564    
  0.535826802      0.844327927      0.174771264    
  0.506183803      0.862425625      0.127709076    
  0.456943184      0.889495909       6.50776252E-02
  0.425779283      0.904827058       3.63298580E-02
  0.394101828      0.919066787       1.53627060E-02
  0.341856629      0.939752102      -3.79782822E-03
  0.309017003      0.951056540      -8.47166963E-03
  0.275804609      0.961213708      -9.42443684E-03
  0.221378833      0.975187898      -6.64421031E-03
  0.187381312      0.982287228      -4.08611447E-03
  0.153157771      0.988201737      -1.78339670E-03
   9.74097401E-02  0.995244384       5.33859595E-04
   6.27905205E-02  0.998026729       1.05866906E-03
   2.80955620E-02  0.999605238       1.08218181E-03
  -2.80955620E-02  0.999605238       5.74644830E-04
  -6.27905205E-02  0.998026729       2.31444355E-04
  -9.74097401E-02  0.995244384      -2.14616684E-05
 -0.153157771      0.988201737      -1.81939875E-04
 -0.187381312      0.982287228      -1.53866509E-04
 -0.221378833      0.975187898      -9.43407795E-05
 -0.275804609      0.961213708      -1.08949166E-06
 -0.309017003      0.951056540       2.52731752E-05
 -0.341856629      0.939752102       3.09660027E-05
 -0.394101828      0.919066787       1.96385481E-05
 -0.425779283      0.904827058       2.61603418E-06
 -0.456943184      0.889495909      -5.74295063E-06
 -0.506183803      0.862425625      -4.79007304E-06
 -0.535826802      0.844327927      -3.10472751E-06
 -0.564823449      0.825211763      -2.58281216E-06
 -0.610283017      0.792183459       2.01026842E-06
 -0.637423992      0.770513237       2.39062501E-06
 -0.663796067      0.747913599       3.54715979E-07
 -0.704757631      0.709448099      -8.31906107E-07
 -0.728968620      0.684547126      -1.37646703E-06
 -0.752300262      0.658820391       2.58028194E-06
 -0.788117886      0.615524352      -2.78188736E-06
 -0.809017003      0.587785244      -2.22620224E-06
 -0.828940272      0.559337139       2.67701034E-06
 -0.859048963      0.511893392      -2.43261891E-08
 -0.876306653      0.481753677       1.05652930E-06
 -0.892507374      0.451032847      -3.49672223E-06
 -0.916432381      0.400189579       3.65469987E-06
 -0.929776490      0.368124545       4.63481729E-06
 -0.941999078      0.335615486      -4.54159090E-06
 -0.959363103      0.282174528       1.24049066E-07
 -0.968583167      0.248689890       1.72013517E-06
 -0.976634920      0.214905262       3.78192863E-06
 -0.987164080      0.159709439      -5.92009292E-06
 -0.992114723      0.125333235      -2.83529198E-06
 -0.995868623       9.08058509E-02   6.53753159E-06
 -0.999396861       3.47256102E-02  -1.90187632E-06
  -1.00000000       1.22464685E-16  -3.85608064E-06
 -0.999396861      -3.47256102E-02  -1.90187632E-06
 -0.995868623      -9.08058509E-02   6.53753159E-06
 -0.992114723     -0.125333235      -2.83529198E-06
 -0.987164080     -0.159709439      -5.92009292E-06
 -0.976634920     -0.214905262       3.78192863E-06
 -0.968583167     -0.248689890       1.72013517E-06
 -0.959363103     -0.282174528       1.24049066E-07
 -0.941999078     -0.335615486      -4.54159090E-06
 -0.929776490     -0.368124545       4.63481729E-06
 -0.916432381     -0.400189579       3.65469987E-06
 -0.892507374     -0.451032847      -3.49672223E-06
 -0.876306653     -0.481753677       1.05652930E-06
 -0.859048963     -0.511893392      -2.43261891E-08
 -0.828940272     -0.559337139       2.67701034E-06
 -0.809017003     -0.587785244      -2.22620224E-06
 -0.788117886     -0.615524352      -2.78188736E-06
 -0.752300262     -0.658820391       2.58028194E-06
 -0.728968620     -0.684547126      -1.37646703E-06
 -0.704757631     -0.709448099      -8.31906107E-07
 -0.663796067     -0.747913599       3.54715979E-07
 -0.637423992     -0.770513237       2.39062501E-06
 -0.610283017     -0.792183459       2.01026842E-06
 -0.564823449     -0.825211763      -2.58281216E-06
 -0.535826802     -0.844327927      -3.10472751E-06
 -0.506183803     -0.862425625      -4.79007304E-06
 -0.456943184     -0.889495909      -5.74295063E-06
 -0.425779283     -0.904827058       2.61603418E-06
 -0.394101828     -0.919066787       1.96385481E-05
 -0.341856629     -0.939752102       3.09660027E-05
 -0.309017003     -0.951056540       2.52731752E-05
 -0.275804609     -0.961213708      -1.08949166E-06
 -0.221378833     -0.975187898      -9.43407795E-05
 -0.187381312     -0.982287228      -1.53866509E-04
 -0.153157771     -0.988201737      -1.81939875E-04
  -9.74097401E-02 -0.995244384      -2.14616684E-05
  -6.27905205E-02 -0.998026729       2.31444355E-04
  -2.80955620E-02 -0.999605238       5.74644830E-04
   2.80955620E-02 -0.999605238       1.08218181E-03
   6.27905205E-02 -0.998026729       1.05866906E-03
   9.74097401E-02 -0.995244384       5.33859595E-04
  0.153157771     -0.988201737      -1.78339670E-03
  0.187381312     -0.982287228      -4.08611447E-03
  0.221378833     -0.975187898      -6.64421031E-03
  0.275804609     -0.961213708      -9.42443684E-03
  0.309017003     -0.951056540      -8.47166963E-03
  0.341856629     -0.939752102      -3.79782822E-03
  0.394101828     -0.919066787       1.53627060E-02
  0.425779283     -0.904827058       3.63298580E-02
  0.456943184     -0.889495909       6.50776252E-02
  0.506183803     -0.862425625      0.127709076    
  0.535826802     -0.844327927      0.174771264    
  0.564823449     -0.825211763      0.226036564    
  0.610283017     -0.792183459      0.311554521    
  0.637423992     -0.770513237      0.361560315    
  0.663796067     -0.747913599      0.406138361    
  0.704757631     -0.709448099      0.460984260    
  0.728968620     -0.684547126      0.481659055    
  0.752300262     -0.658820391      0.491283983    
  0.788117886     -0.615524352      0.483783841    
  0.809017003     -0.587785244      0.466289431    
  0.828940272     -0.559337139      0.440671742    
  0.859048963     -0.511893392      0.386582851    
  0.876306653     -0.481753677      0.348365605    
  0.892507374     -0.451032847      0.308663607    
  0.916432381     -0.400189579      0.245254651    
  0.929776490     -0.368124545      0.208510637    
  0.941999078     -0.335615486      0.174698114    
  0.959363103     -0.282174528      0.127494395    
  0.968583167     -0.248689890      0.103291564    
  0.976634920     -0.214905262       8.28988776E-02
  0.987164080     -0.159709439       5.75411171E-02
  0.992114723     -0.125333235       4.62203622E-02
  0.995868623      -9.08058509E-02   3.79242375E-02
  0.999396861      -3.47256102E-02   3.03680878E-02
   1.00000000      -2.44929371E-16   2.91046724E-02
