   1.00000000       0.00000000      -4.93180778E-06
  0.999396861       3.47256102E-02  -1.34088430E-06
  0.995868623       9.08058509E-02   5.02313333E-06
  0.992114723      0.125333235       1.10488327E-06
  0.987164080      0.159709439      -5.31089199E-06
  0.976634920      0.214905262       7.95872495E-07
  0.968583167      0.248689890       5.59949012E-06
  0.959363103      0.282174528       1.58588819E-06
  0.941999078      0.335615486      -4.71056228E-06
  0.929776490      0.368124545      -3.03815000E-06
  0.916432381      0.400189579       5.54874032E-06
  0.892507374      0.451032847      -3.09492435E-07
  0.876306653      0.481753677      -6.11067753E-06
  0.859048963      0.511893392      -7.47422519E-07
  0.828940272      0.559337139       4.70058239E-06
  0.809017003      0.587785244       6.70834697E-06
  0.788117886      0.615524352      -8.42692316E-07
  0.752300262      0.658820391       9.26564644E-06
  0.728968620      0.684547126       2.41321122E-05
  0.704757631      0.709448099       3.15274738E-05
  0.663796067      0.747913599       6.94396876E-05
  0.637423992      0.770513237       1.15443829E-04
  0.610283017      0.792183459       2.03134536E-04
  0.564823449      0.825211763       4.39892930E-04
  0.535826802      0.844327927       6.91092981E-04
  0.506183803      0.862425625       1.09669135E-03
  0.456943184      0.889495909       2.21799454E-03
  0.425779283      0.904827058       3.35889379E-03
  0.394101828      0.919066787       5.00491634E-03
  0.341856629      0.939752102       9.27291717E-03
  0.309017003      0.951056540       1.33171445E-02
  0.275804609      0.961213708       1.88131798E-02
  0.221378833      0.975187898       3.18585299E-02
  0.187381312      0.982287228       4.32173759E-02
  0.153157771      0.988201737       5.76870404E-02
   9.74097401E-02  0.995244384       8.88764188E-02
   6.27905205E-02  0.998026729      0.113560833    
   2.80955620E-02  0.999605238      0.142632231    
  -2.80955620E-02  0.999605238      0.198658809    
  -6.27905205E-02  0.998026729      0.238088802    
  -9.74097401E-02  0.995244384      0.280087858    
 -0.153157771      0.988201737      0.349836916    
 -0.187381312      0.982287228      0.391128957    
 -0.221378833      0.975187898      0.428476632    
 -0.275804609      0.961213708      0.474963307    
 -0.309017003      0.951056540      0.491903841    
 -0.341856629      0.939752102      0.498010576    
 -0.394101828      0.919066787      0.483206183    
 -0.425779283      0.904827058      0.459168375    
 -0.456943184      0.889495909      0.425137758    
 -0.506183803      0.862425625      0.354112834    
 -0.535826802      0.844327927      0.304474115    
 -0.564823449      0.825211763      0.253785878    
 -0.610283017      0.792183459      0.176035598    
 -0.637423992      0.770513237      0.133834898    
 -0.663796067      0.747913599       9.77016017E-02
 -0.704757631      0.709448099       5.32854125E-02
 -0.728968620      0.684547126       3.41325775E-02
 -0.752300262      0.658820391       2.04673540E-02
 -0.788117886      0.615524352       7.45390914E-03
 -0.809017003      0.587785244       3.36195203E-03
 -0.828940272      0.559337139       1.17368717E-03
 -0.859048963      0.511893392      -1.05086008E-04
 -0.876306653      0.481753677      -2.23329000E-04
 -0.892507374      0.451032847      -1.70494110E-04
 -0.916432381      0.400189579      -5.48606513E-05
 -0.929776490      0.368124545      -6.47701836E-06
 -0.941999078      0.335615486       1.63967688E-05
 -0.959363103      0.282174528       1.41177143E-05
 -0.968583167      0.248689890       3.46439720E-06
 -0.976634920      0.214905262      -1.17214142E-06
 -0.987164080      0.159709439       2.59914191E-06
 -0.992114723      0.125333235      -6.77033995E-07
 -0.995868623       9.08058509E-02  -3.76949492E-06
 -0.999396861       3.47256102E-02   6.85092573E-07
  -1.00000000       1.22464685E-16   3.87186992E-06
 -0.999396861      -3.47256102E-02   6.85092573E-07
 -0.995868623      -9.08058509E-02  -3.76949492E-06
 -0.992114723     -0.125333235      -6.77033995E-07
 -0.987164080     -0.159709439       2.59914191E-06
 -0.976634920     -0.214905262      -1.17214142E-06
 -0.968583167     -0.248689890       3.46439720E-06
 -0.959363103     -0.282174528       1.41177143E-05
 -0.941999078     -0.335615486       1.63967688E-05
 -0.929776490     -0.368124545      -6.47701836E-06
 -0.916432381     -0.400189579      -5.48606513E-05
 -0.892507374     -0.451032847      -1.70494110E-04
 -0.876306653     -0.481753677      -2.23329000E-04
 -0.859048963     -0.511893392      -1.05086008E-04
 -0.828940272     -0.559337139       1.17368717E-03
 -0.809017003     -0.587785244       3.36195203E-03
 -0.788117886     -0.615524352       7.45390914E-03
 -0.752300262     -0.658820391       2.04673540E-02
 -0.728968620     -0.684547126       3.41325775E-02
 -0.704757631     -0.709448099       5.32854125E-02
 -0.663796067     -0.747913599       9.77016017E-02
 -0.637423992     -0.770513237      0.133834898    
 -0.610283017     -0.792183459      0.176035598    
 -0.564823449     -0.825211763      0.253785878    
 -0.535826802     -0.844327927      0.304474115    
 -0.506183803     -0.862425625      0.354112834    
 -0.456943184     -0.889495909      0.425137758    
 -0.425779283     -0.904827058      0.459168375    
 -0.394101828     -0.919066787      0.483206183    
 -0.341856629     -0.939752102      0.498010576    
 -0.309017003     -0.951056540      0.491903841    
 -0.275804609     -0.961213708      0.474963307    
 -0.221378833     -0.975187898      0.428476632    
 -0.187381312     -0.982287228      0.391128957    
 -0.153157771     -0.988201737      0.349836916    
  -9.74097401E-02 -0.995244384      0.280087858    
  -6.27905205E-02 -0.998026729      0.238088802    
  -2.80955620E-02 -0.999605238      0.198658809    
   2.80955620E-02 -0.999605238      0.142632231    
   6.27905205E-02 -0.998026729      0.113560833    
   9.74097401E-02 -0.995244384       8.88764188E-02
  0.153157771     -0.988201737       5.76870404E-02
  0.187381312     -0.982287228       4.32173759E-02
  0.221378833     -0.975187898       3.18585299E-02
  0.275804609     -0.961213708       1.88131798E-02
  0.309017003     -0.951056540       1.33171445E-02
  0.341856629     -0.939752102       9.27291717E-03
  0.394101828     -0.919066787       5.00491634E-03
  0.425779283     -0.904827058       3.35889379E-03
  0.456943184     -0.889495909       2.21799454E-03
  0.506183803     -0.862425625       1.09669135E-03
  0.535826802     -0.844327927       6.91092981E-04
  0.564823449     -0.825211763       4.39892930E-04
  0.610283017     -0.792183459       2.03134536E-04
  0.637423992     -0.770513237       1.15443829E-04
  0.663796067     -0.747913599       6.94396876E-05
  0.704757631     -0.709448099       3.15274738E-05
  0.728968620     -0.684547126       2.41321122E-05
  0.752300262     -0.658820391       9.26564644E-06
  0.788117886     -0.615524352      -8.42692316E-07
  0.809017003     -0.587785244       6.70834697E-06
  0.828940272     -0.559337139       4.70058239E-06
  0.859048963     -0.511893392      -7.47422519E-07
  0.876306653     -0.481753677      -6.11067753E-06
  0.892507374     -0.451032847      -3.09492435E-07
  0.916432381     -0.400189579       5.54874032E-06
  0.929776490     -0.368124545      -3.03815000E-06
  0.941999078     -0.335615486      -4.71056228E-06
  0.959363103     -0.282174528       1.58588819E-06
  0.968583167     -0.248689890       5.59949012E-06
  0.976634920     -0.214905262       7.95872495E-07
  0.987164080     -0.159709439      -5.31089199E-06
  0.992114723     -0.125333235       1.10488327E-06
  0.995868623      -9.08058509E-02   5.02313333E-06
  0.999396861      -3.47256102E-02  -1.34088430E-06
   1.00000000      -2.44929371E-16  -4.93180778E-06
