   1.00000000       0.00000000       1.12384896E-05
  0.999396861       3.47256102E-02   1.38001169E-05
  0.995868623       9.08058509E-02   1.50253845E-05
  0.992114723      0.125333235       2.99980147E-05
  0.987164080      0.159709439       5.34465216E-05
  0.976634920      0.214905262       9.69681423E-05
  0.968583167      0.248689890       1.52102468E-04
  0.959363103      0.282174528       2.35306899E-04
  0.941999078      0.335615486       4.66849800E-04
  0.929776490      0.368124545       6.94549410E-04
  0.916432381      0.400189579       1.02583342E-03
  0.892507374      0.451032847       1.90741196E-03
  0.876306653      0.481753677       2.75207683E-03
  0.859048963      0.511893392       3.92808067E-03
  0.828940272      0.559337139       6.83852145E-03
  0.809017003      0.587785244       9.50214919E-03
  0.788117886      0.615524352       1.30487643E-02
  0.752300262      0.658820391       2.12875307E-02
  0.728968620      0.684547126       2.83868369E-02
  0.704757631      0.709448099       3.74037288E-02
  0.663796067      0.747913599       5.69606200E-02
  0.637423992      0.770513237       7.26897195E-02
  0.610283017      0.792183459       9.16043743E-02
  0.564823449      0.825211763      0.129523769    
  0.535826802      0.844327927      0.157637075    
  0.506183803      0.862425625      0.189219356    
  0.456943184      0.889495909      0.246645302    
  0.425779283      0.904827058      0.284922719    
  0.394101828      0.919066787      0.324068278    
  0.341856629      0.939752102      0.385695279    
  0.309017003      0.951056540      0.420084178    
  0.275804609      0.961213708      0.449451894    
  0.221378833      0.975187898      0.481790066    
  0.187381312      0.982287228      0.489916235    
  0.153157771      0.988201737      0.487629473    
   9.74097401E-02  0.995244384      0.460811794    
   6.27905205E-02  0.998026729      0.430509120    
   2.80955620E-02  0.999605238      0.391129762    
  -2.80955620E-02  0.999605238      0.313253373    
  -6.27905205E-02  0.998026729      0.260372221    
  -9.74097401E-02  0.995244384      0.207191065    
 -0.153157771      0.988201737      0.127268776    
 -0.187381312      0.982287228       8.51724222E-02
 -0.221378833      0.975187898       5.04446030E-02
 -0.275804609      0.961213708       1.12489518E-02
 -0.309017003      0.951056540      -2.94059468E-03
 -0.341856629      0.939752102      -1.06378077E-02
 -0.394101828      0.919066787      -1.30542303E-02
 -0.425779283      0.904827058      -1.08450009E-02
 -0.456943184      0.889495909      -7.47714937E-03
 -0.506183803      0.862425625      -2.17115646E-03
 -0.535826802      0.844327927       1.02536636E-04
 -0.564823449      0.825211763       1.38526142E-03
 -0.610283017      0.792183459       1.73048850E-03
 -0.637423992      0.770513237       1.31748116E-03
 -0.663796067      0.747913599       7.33566121E-04
 -0.704757631      0.709448099      -3.22835731E-05
 -0.728968620      0.684547126      -2.66844785E-04
 -0.752300262      0.658820391      -3.23213113E-04
 -0.788117886      0.615524352      -1.93124099E-04
 -0.809017003      0.587785244      -8.55542603E-05
 -0.828940272      0.559337139       1.42222962E-05
 -0.859048963      0.511893392       6.57259661E-05
 -0.876306653      0.481753677       5.39505490E-05
 -0.892507374      0.451032847       3.34101787E-05
 -0.916432381      0.400189579      -6.68149460E-06
 -0.929776490      0.368124545      -9.07128651E-06
 -0.941999078      0.335615486      -1.45764216E-05
 -0.959363103      0.282174528      -4.70210216E-06
 -0.968583167      0.248689890       3.77235278E-06
 -0.976634920      0.214905262      -6.93241304E-07
 -0.987164080      0.159709439       6.79867935E-06
 -0.992114723      0.125333235      -7.55697300E-08
 -0.995868623       9.08058509E-02  -2.68434633E-06
 -0.999396861       3.47256102E-02   1.12674388E-06
  -1.00000000       1.22464685E-16  -4.93262905E-06
 -0.999396861      -3.47256102E-02   1.12674388E-06
 -0.995868623      -9.08058509E-02  -2.68434633E-06
 -0.992114723     -0.125333235      -7.55697300E-08
 -0.987164080     -0.159709439       6.79867935E-06
 -0.976634920     -0.214905262      -6.93241304E-07
 -0.968583167     -0.248689890       3.77235278E-06
 -0.959363103     -0.282174528      -4.70210216E-06
 -0.941999078     -0.335615486      -1.45764216E-05
 -0.929776490     -0.368124545      -9.07128651E-06
 -0.916432381     -0.400189579      -6.68149460E-06
 -0.892507374     -0.451032847       3.34101787E-05
 -0.876306653     -0.481753677       5.39505490E-05
 -0.859048963     -0.511893392       6.57259661E-05
 -0.828940272     -0.559337139       1.42222962E-05
 -0.809017003     -0.587785244      -8.55542603E-05
 -0.788117886     -0.615524352      -1.93124099E-04
 -0.752300262     -0.658820391      -3.23213113E-04
 -0.728968620     -0.684547126      -2.66844785E-04
 -0.704757631     -0.709448099      -3.22835731E-05
 -0.663796067     -0.747913599       7.33566121E-04
 -0.637423992     -0.770513237       1.31748116E-03
 -0.610283017     -0.792183459       1.73048850E-03
 -0.564823449     -0.825211763       1.38526142E-03
 -0.535826802     -0.844327927       1.02536636E-04
 -0.506183803     -0.862425625      -2.17115646E-03
 -0.456943184     -0.889495909      -7.47714937E-03
 -0.425779283     -0.904827058      -1.08450009E-02
 -0.394101828     -0.919066787      -1.30542303E-02
 -0.341856629     -0.939752102      -1.06378077E-02
 -0.309017003     -0.951056540      -2.94059468E-03
 -0.275804609     -0.961213708       1.12489518E-02
 -0.221378833     -0.975187898       5.04446030E-02
 -0.187381312     -0.982287228       8.51724222E-02
 -0.153157771     -0.988201737      0.127268776    
  -9.74097401E-02 -0.995244384      0.207191065    
  -6.27905205E-02 -0.998026729      0.260372221    
  -2.80955620E-02 -0.999605238      0.313253373    
   2.80955620E-02 -0.999605238      0.391129762    
   6.27905205E-02 -0.998026729      0.430509120    
   9.74097401E-02 -0.995244384      0.460811794    
  0.153157771     -0.988201737      0.487629473    
  0.187381312     -0.982287228      0.489916235    
  0.221378833     -0.975187898      0.481790066    
  0.275804609     -0.961213708      0.449451894    
  0.309017003     -0.951056540      0.420084178    
  0.341856629     -0.939752102      0.385695279    
  0.394101828     -0.919066787      0.324068278    
  0.425779283     -0.904827058      0.284922719    
  0.456943184     -0.889495909      0.246645302    
  0.506183803     -0.862425625      0.189219356    
  0.535826802     -0.844327927      0.157637075    
  0.564823449     -0.825211763      0.129523769    
  0.610283017     -0.792183459       9.16043743E-02
  0.637423992     -0.770513237       7.26897195E-02
  0.663796067     -0.747913599       5.69606200E-02
  0.704757631     -0.709448099       3.74037288E-02
  0.728968620     -0.684547126       2.83868369E-02
  0.752300262     -0.658820391       2.12875307E-02
  0.788117886     -0.615524352       1.30487643E-02
  0.809017003     -0.587785244       9.50214919E-03
  0.828940272     -0.559337139       6.83852145E-03
  0.859048963     -0.511893392       3.92808067E-03
  0.876306653     -0.481753677       2.75207683E-03
  0.892507374     -0.451032847       1.90741196E-03
  0.916432381     -0.400189579       1.02583342E-03
  0.929776490     -0.368124545       6.94549410E-04
  0.941999078     -0.335615486       4.66849800E-04
  0.959363103     -0.282174528       2.35306899E-04
  0.968583167     -0.248689890       1.52102468E-04
  0.976634920     -0.214905262       9.69681423E-05
  0.987164080     -0.159709439       5.34465216E-05
  0.992114723     -0.125333235       2.99980147E-05
  0.995868623      -9.08058509E-02   1.50253845E-05
  0.999396861      -3.47256102E-02   1.38001169E-05
   1.00000000      -2.44929371E-16   1.12384896E-05
