   1.00000000       0.00000000       6.01571219E-06
  0.999396861       3.47256102E-02  -3.32967875E-06
  0.995868623       9.08058509E-02   7.71060422E-06
  0.992114723      0.125333235       6.18055446E-06
  0.987164080      0.159709439      -8.71372322E-07
  0.976634920      0.214905262       2.26840239E-05
  0.968583167      0.248689890       2.89127547E-05
  0.959363103      0.282174528       5.99227460E-05
  0.941999078      0.335615486       1.40614458E-04
  0.929776490      0.368124545       2.39633053E-04
  0.916432381      0.400189579       4.19209216E-04
  0.892507374      0.451032847       9.21780767E-04
  0.876306653      0.481753677       1.48847792E-03
  0.859048963      0.511893392       2.35396135E-03
  0.828940272      0.559337139       4.76864679E-03
  0.809017003      0.587785244       7.21090799E-03
  0.788117886      0.615524352       1.06986547E-02
  0.752300262      0.658820391       1.95423141E-02
  0.728968620      0.684547126       2.76860371E-02
  0.704757631      0.709448099       3.85113060E-02
  0.663796067      0.747913599       6.31456599E-02
  0.637423992      0.770513237       8.36241394E-02
  0.610283017      0.792183459      0.108636685    
  0.564823449      0.825211763      0.159150660    
  0.535826802      0.844327927      0.196339846    
  0.506183803      0.862425625      0.237344846    
  0.456943184      0.889495909      0.308769882    
  0.425779283      0.904827058      0.353386909    
  0.394101828      0.919066787      0.395830870    
  0.341856629      0.939752102      0.453921318    
  0.309017003      0.951056540      0.479634702    
  0.275804609      0.961213708      0.495269477    
  0.221378833      0.975187898      0.496212929    
  0.187381312      0.982287228      0.481273413    
  0.153157771      0.988201737      0.455310971    
   9.74097401E-02  0.995244384      0.394245178    
   6.27905205E-02  0.998026729      0.348443985    
   2.80955620E-02  0.999605238      0.299680829    
  -2.80955620E-02  0.999605238      0.221177697    
  -6.27905205E-02  0.998026729      0.176444322    
  -9.74097401E-02  0.995244384      0.136534676    
 -0.153157771      0.988201737       8.42915103E-02
 -0.187381312      0.982287228       5.98899871E-02
 -0.221378833      0.975187898       4.10834514E-02
 -0.275804609      0.961213708       2.06359383E-02
 -0.309017003      0.951056540       1.27976034E-02
 -0.341856629      0.939752102       7.60635408E-03
 -0.394101828      0.919066787       2.97743455E-03
 -0.425779283      0.904827058       1.55811640E-03
 -0.456943184      0.889495909       7.71855295E-04
 -0.506183803      0.862425625       2.23421550E-04
 -0.535826802      0.844327927       9.44884159E-05
 -0.564823449      0.825211763       3.56071105E-05
 -0.610283017      0.792183459       8.51186996E-06
 -0.637423992      0.770513237       5.60020953E-06
 -0.663796067      0.747913599       1.61871151E-06
 -0.704757631      0.709448099      -1.29606462E-06
 -0.728968620      0.684547126       2.00368916E-07
 -0.752300262      0.658820391       2.44003854E-06
 -0.788117886      0.615524352      -2.14735860E-06
 -0.809017003      0.587785244      -9.86341547E-07
 -0.828940272      0.559337139       2.03654304E-06
 -0.859048963      0.511893392      -9.57951329E-07
 -0.876306653      0.481753677      -5.85523139E-07
 -0.892507374      0.451032847       1.18075036E-07
 -0.916432381      0.400189579       8.64046172E-07
 -0.929776490      0.368124545      -1.03642310E-06
 -0.941999078      0.335615486      -8.31008549E-07
 -0.959363103      0.282174528       1.12487339E-06
 -0.968583167      0.248689890       2.24367838E-07
 -0.976634920      0.214905262      -1.18730236E-06
 -0.987164080      0.159709439       7.41261829E-07
 -0.992114723      0.125333235       9.80137770E-07
 -0.995868623       9.08058509E-02  -7.92453648E-07
 -0.999396861       3.47256102E-02   1.98558894E-07
  -1.00000000       1.22464685E-16   2.27845618E-07
 -0.999396861      -3.47256102E-02   1.98558894E-07
 -0.995868623      -9.08058509E-02  -7.92453648E-07
 -0.992114723     -0.125333235       9.80137770E-07
 -0.987164080     -0.159709439       7.41261829E-07
 -0.976634920     -0.214905262      -1.18730236E-06
 -0.968583167     -0.248689890       2.24367838E-07
 -0.959363103     -0.282174528       1.12487339E-06
 -0.941999078     -0.335615486      -8.31008549E-07
 -0.929776490     -0.368124545      -1.03642310E-06
 -0.916432381     -0.400189579       8.64046172E-07
 -0.892507374     -0.451032847       1.18075036E-07
 -0.876306653     -0.481753677      -5.85523139E-07
 -0.859048963     -0.511893392      -9.57951329E-07
 -0.828940272     -0.559337139       2.03654304E-06
 -0.809017003     -0.587785244      -9.86341547E-07
 -0.788117886     -0.615524352      -2.14735860E-06
 -0.752300262     -0.658820391       2.44003854E-06
 -0.728968620     -0.684547126       2.00368916E-07
 -0.704757631     -0.709448099      -1.29606462E-06
 -0.663796067     -0.747913599       1.61871151E-06
 -0.637423992     -0.770513237       5.60020953E-06
 -0.610283017     -0.792183459       8.51186996E-06
 -0.564823449     -0.825211763       3.56071105E-05
 -0.535826802     -0.844327927       9.44884159E-05
 -0.506183803     -0.862425625       2.23421550E-04
 -0.456943184     -0.889495909       7.71855295E-04
 -0.425779283     -0.904827058       1.55811640E-03
 -0.394101828     -0.919066787       2.97743455E-03
 -0.341856629     -0.939752102       7.60635408E-03
 -0.309017003     -0.951056540       1.27976034E-02
 -0.275804609     -0.961213708       2.06359383E-02
 -0.221378833     -0.975187898       4.10834514E-02
 -0.187381312     -0.982287228       5.98899871E-02
 -0.153157771     -0.988201737       8.42915103E-02
  -9.74097401E-02 -0.995244384      0.136534676    
  -6.27905205E-02 -0.998026729      0.176444322    
  -2.80955620E-02 -0.999605238      0.221177697    
   2.80955620E-02 -0.999605238      0.299680829    
   6.27905205E-02 -0.998026729      0.348443985    
   9.74097401E-02 -0.995244384      0.394245178    
  0.153157771     -0.988201737      0.455310971    
  0.187381312     -0.982287228      0.481273413    
  0.221378833     -0.975187898      0.496212929    
  0.275804609     -0.961213708      0.495269477    
  0.309017003     -0.951056540      0.479634702    
  0.341856629     -0.939752102      0.453921318    
  0.394101828     -0.919066787      0.395830870    
  0.425779283     -0.904827058      0.353386909    
  0.456943184     -0.889495909      0.308769882    
  0.506183803     -0.862425625      0.237344846    
  0.535826802     -0.844327927      0.196339846    
  0.564823449     -0.825211763      0.159150660    
  0.610283017     -0.792183459      0.108636685    
  0.637423992     -0.770513237       8.36241394E-02
  0.663796067     -0.747913599       6.31456599E-02
  0.704757631     -0.709448099       3.85113060E-02
  0.728968620     -0.684547126       2.76860371E-02
  0.752300262     -0.658820391       1.95423141E-02
  0.788117886     -0.615524352       1.06986547E-02
  0.809017003     -0.587785244       7.21090799E-03
  0.828940272     -0.559337139       4.76864679E-03
  0.859048963     -0.511893392       2.35396135E-03
  0.876306653     -0.481753677       1.48847792E-03
  0.892507374     -0.451032847       9.21780767E-04
  0.916432381     -0.400189579       4.19209216E-04
  0.929776490     -0.368124545       2.39633053E-04
  0.941999078     -0.335615486       1.40614458E-04
  0.959363103     -0.282174528       5.99227460E-05
  0.968583167     -0.248689890       2.89127547E-05
  0.976634920     -0.214905262       2.26840239E-05
  0.987164080     -0.159709439      -8.71372322E-07
  0.992114723     -0.125333235       6.18055446E-06
  0.995868623      -9.08058509E-02   7.71060422E-06
  0.999396861      -3.47256102E-02  -3.32967875E-06
   1.00000000      -2.44929371E-16   6.01571219E-06
