   1.00000000       0.00000000      -8.51723307E-04
  0.999396861       3.47256102E-02  -6.66532782E-04
  0.995868623       9.08058509E-02   3.08366638E-04
  0.992114723      0.125333235       1.14110112E-03
  0.987164080      0.159709439       1.91514660E-03
  0.976634920      0.214905262       2.29911739E-03
  0.968583167      0.248689890       1.48402341E-03
  0.959363103      0.282174528      -4.13863891E-04
  0.941999078      0.335615486      -5.72220609E-03
  0.929776490      0.368124545      -9.79432743E-03
  0.916432381      0.400189579      -1.34927211E-02
  0.892507374      0.451032847      -1.53815923E-02
  0.876306653      0.481753677      -1.15359677E-02
  0.859048963      0.511893392      -1.96447806E-03
  0.828940272      0.559337139       2.88746040E-02
  0.809017003      0.587785244       5.85271232E-02
  0.788117886      0.615524352       9.61494818E-02
  0.752300262      0.658820391      0.171138138    
  0.728968620      0.684547126      0.223244712    
  0.704757631      0.709448099      0.276803285    
  0.663796067      0.747913599      0.359495014    
  0.637423992      0.770513237      0.403895378    
  0.610283017      0.792183459      0.440421224    
  0.564823449      0.825211763      0.478849798    
  0.535826802      0.844327927      0.488562256    
  0.506183803      0.862425625      0.487542748    
  0.456943184      0.889495909      0.465165645    
  0.425779283      0.904827058      0.440609485    
  0.394101828      0.919066787      0.409851521    
  0.341856629      0.939752102      0.351529866    
  0.309017003      0.951056540      0.312946320    
  0.275804609      0.961213708      0.274282306    
  0.221378833      0.975187898      0.214649677    
  0.187381312      0.982287228      0.181024805    
  0.153157771      0.988201737      0.150563329    
   9.74097401E-02  0.995244384      0.108612470    
   6.27905205E-02  0.998026729       8.72592703E-02
   2.80955620E-02  0.999605238       6.92193657E-02
  -2.80955620E-02  0.999605238       4.63719778E-02
  -6.27905205E-02  0.998026729       3.56422216E-02
  -9.74097401E-02  0.995244384       2.70669200E-02
 -0.153157771      0.988201737       1.69311501E-02
 -0.187381312      0.982287228       1.24900406E-02
 -0.221378833      0.975187898       9.11303330E-03
 -0.275804609      0.961213708       5.34204394E-03
 -0.309017003      0.951056540       3.78522580E-03
 -0.341856629      0.939752102       2.66738818E-03
 -0.394101828      0.919066787       1.47154951E-03
 -0.425779283      0.904827058       9.98926698E-04
 -0.456943184      0.889495909       6.79093937E-04
 -0.506183803      0.862425625       3.60194710E-04
 -0.535826802      0.844327927       2.37671673E-04
 -0.564823449      0.825211763       1.46193983E-04
 -0.610283017      0.792183459       7.82138159E-05
 -0.637423992      0.770513237       5.56481864E-05
 -0.663796067      0.747913599       2.96286653E-05
 -0.704757631      0.709448099       9.69258963E-06
 -0.728968620      0.684547126       9.22744675E-06
 -0.752300262      0.658820391       1.16952533E-05
 -0.788117886      0.615524352      -1.57225747E-06
 -0.809017003      0.587785244      -2.39697169E-06
 -0.828940272      0.559337139       2.17412980E-06
 -0.859048963      0.511893392       3.29031377E-06
 -0.876306653      0.481753677      -1.36950248E-07
 -0.892507374      0.451032847      -4.37790413E-06
 -0.916432381      0.400189579       3.26317786E-06
 -0.929776490      0.368124545       5.85198563E-07
 -0.941999078      0.335615486      -4.74753392E-07
 -0.959363103      0.282174528      -1.20749507E-06
 -0.968583167      0.248689890      -2.44455100E-06
 -0.976634920      0.214905262       3.15959551E-06
 -0.987164080      0.159709439      -2.09458699E-06
 -0.992114723      0.125333235       2.62672671E-07
 -0.995868623       9.08058509E-02   9.27800556E-07
 -0.999396861       3.47256102E-02  -1.19080937E-06
  -1.00000000       1.22464685E-16   4.01572333E-06
 -0.999396861      -3.47256102E-02  -1.19080937E-06
 -0.995868623      -9.08058509E-02   9.27800556E-07
 -0.992114723     -0.125333235       2.62672671E-07
 -0.987164080     -0.159709439      -2.09458699E-06
 -0.976634920     -0.214905262       3.15959551E-06
 -0.968583167     -0.248689890      -2.44455100E-06
 -0.959363103     -0.282174528      -1.20749507E-06
 -0.941999078     -0.335615486      -4.74753392E-07
 -0.929776490     -0.368124545       5.85198563E-07
 -0.916432381     -0.400189579       3.26317786E-06
 -0.892507374     -0.451032847      -4.37790413E-06
 -0.876306653     -0.481753677      -1.36950248E-07
 -0.859048963     -0.511893392       3.29031377E-06
 -0.828940272     -0.559337139       2.17412980E-06
 -0.809017003     -0.587785244      -2.39697169E-06
 -0.788117886     -0.615524352      -1.57225747E-06
 -0.752300262     -0.658820391       1.16952533E-05
 -0.728968620     -0.684547126       9.22744675E-06
 -0.704757631     -0.709448099       9.69258963E-06
 -0.663796067     -0.747913599       2.96286653E-05
 -0.637423992     -0.770513237       5.56481864E-05
 -0.610283017     -0.792183459       7.82138159E-05
 -0.564823449     -0.825211763       1.46193983E-04
 -0.535826802     -0.844327927       2.37671673E-04
 -0.506183803     -0.862425625       3.60194710E-04
 -0.456943184     -0.889495909       6.79093937E-04
 -0.425779283     -0.904827058       9.98926698E-04
 -0.394101828     -0.919066787       1.47154951E-03
 -0.341856629     -0.939752102       2.66738818E-03
 -0.309017003     -0.951056540       3.78522580E-03
 -0.275804609     -0.961213708       5.34204394E-03
 -0.221378833     -0.975187898       9.11303330E-03
 -0.187381312     -0.982287228       1.24900406E-02
 -0.153157771     -0.988201737       1.69311501E-02
  -9.74097401E-02 -0.995244384       2.70669200E-02
  -6.27905205E-02 -0.998026729       3.56422216E-02
  -2.80955620E-02 -0.999605238       4.63719778E-02
   2.80955620E-02 -0.999605238       6.92193657E-02
   6.27905205E-02 -0.998026729       8.72592703E-02
   9.74097401E-02 -0.995244384      0.108612470    
  0.153157771     -0.988201737      0.150563329    
  0.187381312     -0.982287228      0.181024805    
  0.221378833     -0.975187898      0.214649677    
  0.275804609     -0.961213708      0.274282306    
  0.309017003     -0.951056540      0.312946320    
  0.341856629     -0.939752102      0.351529866    
  0.394101828     -0.919066787      0.409851521    
  0.425779283     -0.904827058      0.440609485    
  0.456943184     -0.889495909      0.465165645    
  0.506183803     -0.862425625      0.487542748    
  0.535826802     -0.844327927      0.488562256    
  0.564823449     -0.825211763      0.478849798    
  0.610283017     -0.792183459      0.440421224    
  0.637423992     -0.770513237      0.403895378    
  0.663796067     -0.747913599      0.359495014    
  0.704757631     -0.709448099      0.276803285    
  0.728968620     -0.684547126      0.223244712    
  0.752300262     -0.658820391      0.171138138    
  0.788117886     -0.615524352       9.61494818E-02
  0.809017003     -0.587785244       5.85271232E-02
  0.828940272     -0.559337139       2.88746040E-02
  0.859048963     -0.511893392      -1.96447806E-03
  0.876306653     -0.481753677      -1.15359677E-02
  0.892507374     -0.451032847      -1.53815923E-02
  0.916432381     -0.400189579      -1.34927211E-02
  0.929776490     -0.368124545      -9.79432743E-03
  0.941999078     -0.335615486      -5.72220609E-03
  0.959363103     -0.282174528      -4.13863891E-04
  0.968583167     -0.248689890       1.48402341E-03
  0.976634920     -0.214905262       2.29911739E-03
  0.987164080     -0.159709439       1.91514660E-03
  0.992114723     -0.125333235       1.14110112E-03
  0.995868623      -9.08058509E-02   3.08366638E-04
  0.999396861      -3.47256102E-02  -6.66532782E-04
   1.00000000      -2.44929371E-16  -8.51723307E-04
