   1.00000000       0.00000000       7.93999516E-06
  0.999396861       3.47256102E-02   1.43158900E-07
  0.995868623       9.08058509E-02  -3.97970371E-06
  0.992114723      0.125333235       5.72148394E-07
  0.987164080      0.159709439       3.07847722E-06
  0.976634920      0.214905262       1.05015545E-06
  0.968583167      0.248689890      -7.15460101E-06
  0.959363103      0.282174528      -1.35164532E-06
  0.941999078      0.335615486       4.39519090E-06
  0.929776490      0.368124545      -1.65080280E-06
  0.916432381      0.400189579      -2.08508845E-06
  0.892507374      0.451032847      -6.14173985E-07
  0.876306653      0.481753677       5.59628143E-06
  0.859048963      0.511893392       1.74875618E-06
  0.828940272      0.559337139      -9.59693011E-07
  0.809017003      0.587785244       6.04550360E-06
  0.788117886      0.615524352       6.04522302E-06
  0.752300262      0.658820391       1.17070431E-05
  0.728968620      0.684547126       1.58666662E-05
  0.704757631      0.709448099       3.05363683E-05
  0.663796067      0.747913599       6.14304881E-05
  0.637423992      0.770513237       9.14528209E-05
  0.610283017      0.792183459       1.48332998E-04
  0.564823449      0.825211763       2.89149408E-04
  0.535826802      0.844327927       4.35039343E-04
  0.506183803      0.862425625       6.43206527E-04
  0.456943184      0.889495909       1.20545237E-03
  0.425779283      0.904827058       1.75074080E-03
  0.394101828      0.919066787       2.50448892E-03
  0.341856629      0.939752102       4.41215141E-03
  0.309017003      0.951056540       6.17306586E-03
  0.275804609      0.961213708       8.54996312E-03
  0.221378833      0.975187898       1.41511820E-02
  0.187381312      0.982287228       1.90539770E-02
  0.153157771      0.988201737       2.53878217E-02
   9.74097401E-02  0.995244384       3.94117460E-02
   6.27905205E-02  0.998026729       5.09508252E-02
   2.80955620E-02  0.999605238       6.50982410E-02
  -2.80955620E-02  0.999605238       9.43200365E-02
  -6.27905205E-02  0.998026729      0.116693407    
  -9.74097401E-02  0.995244384      0.142522767    
 -0.153157771      0.988201737      0.191516951    
 -0.187381312      0.982287228      0.225795478    
 -0.221378833      0.975187898      0.262438297    
 -0.275804609      0.961213708      0.324395210    
 -0.309017003      0.951056540      0.362383813    
 -0.341856629      0.939752102      0.398315847    
 -0.394101828      0.919066787      0.447709739    
 -0.425779283      0.904827058      0.470029771    
 -0.456943184      0.889495909      0.484108120    
 -0.506183803      0.862425625      0.486221552    
 -0.535826802      0.844327927      0.473592520    
 -0.564823449      0.825211763      0.450288147    
 -0.610283017      0.792183459      0.392100215    
 -0.637423992      0.770513237      0.346015990    
 -0.663796067      0.747913599      0.294901937    
 -0.704757631      0.709448099      0.208338141    
 -0.728968620      0.684547126      0.156827345    
 -0.752300262      0.658820391      0.109822780    
 -0.788117886      0.615524352       4.80196103E-02
 -0.809017003      0.587785244       2.02965289E-02
 -0.828940272      0.559337139       7.75737106E-04
 -0.859048963      0.511893392      -1.52183650E-02
 -0.876306653      0.481753677      -1.75489690E-02
 -0.892507374      0.451032847      -1.60435624E-02
 -0.916432381      0.400189579      -9.55421105E-03
 -0.929776490      0.368124545      -5.11724083E-03
 -0.941999078      0.335615486      -1.41487527E-03
 -0.959363103      0.282174528       2.05362868E-03
 -0.968583167      0.248689890       2.68982281E-03
 -0.976634920      0.214905262       2.49358802E-03
 -0.987164080      0.159709439       1.31145911E-03
 -0.992114723      0.125333235       4.80000162E-04
 -0.995868623       9.08058509E-02  -2.05307952E-04
 -0.999396861       3.47256102E-02  -8.20042449E-04
  -1.00000000       1.22464685E-16  -9.23321873E-04
 -0.999396861      -3.47256102E-02  -8.20042449E-04
 -0.995868623      -9.08058509E-02  -2.05307952E-04
 -0.992114723     -0.125333235       4.80000162E-04
 -0.987164080     -0.159709439       1.31145911E-03
 -0.976634920     -0.214905262       2.49358802E-03
 -0.968583167     -0.248689890       2.68982281E-03
 -0.959363103     -0.282174528       2.05362868E-03
 -0.941999078     -0.335615486      -1.41487527E-03
 -0.929776490     -0.368124545      -5.11724083E-03
 -0.916432381     -0.400189579      -9.55421105E-03
 -0.892507374     -0.451032847      -1.60435624E-02
 -0.876306653     -0.481753677      -1.75489690E-02
 -0.859048963     -0.511893392      -1.52183650E-02
 -0.828940272     -0.559337139       7.75737106E-04
 -0.809017003     -0.587785244       2.02965289E-02
 -0.788117886     -0.615524352       4.80196103E-02
 -0.752300262     -0.658820391      0.109822780    
 -0.728968620     -0.684547126      0.156827345    
 -0.704757631     -0.709448099      0.208338141    
 -0.663796067     -0.747913599      0.294901937    
 -0.637423992     -0.770513237      0.346015990    
 -0.610283017     -0.792183459      0.392100215    
 -0.564823449     -0.825211763      0.450288147    
 -0.535826802     -0.844327927      0.473592520    
 -0.506183803     -0.862425625      0.486221552    
 -0.456943184     -0.889495909      0.484108120    
 -0.425779283     -0.904827058      0.470029771    
 -0.394101828     -0.919066787      0.447709739    
 -0.341856629     -0.939752102      0.398315847    
 -0.309017003     -0.951056540      0.362383813    
 -0.275804609     -0.961213708      0.324395210    
 -0.221378833     -0.975187898      0.262438297    
 -0.187381312     -0.982287228      0.225795478    
 -0.153157771     -0.988201737      0.191516951    
  -9.74097401E-02 -0.995244384      0.142522767    
  -6.27905205E-02 -0.998026729      0.116693407    
  -2.80955620E-02 -0.999605238       9.43200365E-02
   2.80955620E-02 -0.999605238       6.50982410E-02
   6.27905205E-02 -0.998026729       5.09508252E-02
   9.74097401E-02 -0.995244384       3.94117460E-02
  0.153157771     -0.988201737       2.53878217E-02
  0.187381312     -0.982287228       1.90539770E-02
  0.221378833     -0.975187898       1.41511820E-02
  0.275804609     -0.961213708       8.54996312E-03
  0.309017003     -0.951056540       6.17306586E-03
  0.341856629     -0.939752102       4.41215141E-03
  0.394101828     -0.919066787       2.50448892E-03
  0.425779283     -0.904827058       1.75074080E-03
  0.456943184     -0.889495909       1.20545237E-03
  0.506183803     -0.862425625       6.43206527E-04
  0.535826802     -0.844327927       4.35039343E-04
  0.564823449     -0.825211763       2.89149408E-04
  0.610283017     -0.792183459       1.48332998E-04
  0.637423992     -0.770513237       9.14528209E-05
  0.663796067     -0.747913599       6.14304881E-05
  0.704757631     -0.709448099       3.05363683E-05
  0.728968620     -0.684547126       1.58666662E-05
  0.752300262     -0.658820391       1.17070431E-05
  0.788117886     -0.615524352       6.04522302E-06
  0.809017003     -0.587785244       6.04550360E-06
  0.828940272     -0.559337139      -9.59693011E-07
  0.859048963     -0.511893392       1.74875618E-06
  0.876306653     -0.481753677       5.59628143E-06
  0.892507374     -0.451032847      -6.14173985E-07
  0.916432381     -0.400189579      -2.08508845E-06
  0.929776490     -0.368124545      -1.65080280E-06
  0.941999078     -0.335615486       4.39519090E-06
  0.959363103     -0.282174528      -1.35164532E-06
  0.968583167     -0.248689890      -7.15460101E-06
  0.976634920     -0.214905262       1.05015545E-06
  0.987164080     -0.159709439       3.07847722E-06
  0.992114723     -0.125333235       5.72148394E-07
  0.995868623      -9.08058509E-02  -3.97970371E-06
  0.999396861      -3.47256102E-02   1.43158900E-07
   1.00000000      -2.44929371E-16   7.93999516E-06
