   1.00000000       0.00000000       5.46135698E-06
  0.999396861       3.47256102E-02   9.06178684E-07
  0.995868623       9.08058509E-02  -4.74772878E-06
  0.992114723      0.125333235       1.44506998E-06
  0.987164080      0.159709439       3.96670976E-06
  0.976634920      0.214905262      -8.87634087E-07
  0.968583167      0.248689890      -3.72137720E-06
  0.959363103      0.282174528      -1.34588947E-06
  0.941999078      0.335615486       4.21624281E-06
  0.929776490      0.368124545      -2.51425763E-06
  0.916432381      0.400189579      -2.04831463E-06
  0.892507374      0.451032847       5.17126146E-08
  0.876306653      0.481753677       1.77284548E-07
  0.859048963      0.511893392       2.33384708E-06
  0.828940272      0.559337139      -2.86294471E-06
  0.809017003      0.587785244       9.56054123E-07
  0.788117886      0.615524352       5.79622565E-07
  0.752300262      0.658820391       1.08571373E-06
  0.728968620      0.684547126       2.15899968E-06
  0.704757631      0.709448099      -3.36443418E-06
  0.663796067      0.747913599       1.66657344E-06
  0.637423992      0.770513237       2.15520231E-06
  0.610283017      0.792183459       4.41862255E-07
  0.564823449      0.825211763      -1.18650235E-06
  0.535826802      0.844327927      -2.84547286E-06
  0.506183803      0.862425625       5.39834355E-06
  0.456943184      0.889495909       4.23839174E-06
  0.425779283      0.904827058       2.56919930E-06
  0.394101828      0.919066787       1.22813681E-05
  0.341856629      0.939752102       3.08719718E-05
  0.309017003      0.951056540       5.12892111E-05
  0.275804609      0.961213708       7.29393432E-05
  0.221378833      0.975187898       1.63725621E-04
  0.187381312      0.982287228       2.65654002E-04
  0.153157771      0.988201737       4.02607402E-04
   9.74097401E-02  0.995244384       8.03648203E-04
   6.27905205E-02  0.998026729       1.21800299E-03
   2.80955620E-02  0.999605238       1.82611961E-03
  -2.80955620E-02  0.999605238       3.40350647E-03
  -6.27905205E-02  0.998026729       4.92722448E-03
  -9.74097401E-02  0.995244384       7.06049195E-03
 -0.153157771      0.988201737       1.22769754E-02
 -0.187381312      0.982287228       1.69932507E-02
 -0.221378833      0.975187898       2.32256167E-02
 -0.275804609      0.961213708       3.74535955E-02
 -0.309017003      0.951056540       4.94255498E-02
 -0.341856629      0.939752102       6.43317327E-02
 -0.394101828      0.919066787       9.56523120E-02
 -0.425779283      0.904827058      0.119923115    
 -0.456943184      0.889495909      0.148119450    
 -0.506183803      0.862425625      0.201748446    
 -0.535826802      0.844327927      0.239202216    
 -0.564823449      0.825211763      0.278982818    
 -0.610283017      0.792183459      0.345153689    
 -0.637423992      0.770513237      0.384679824    
 -0.663796067      0.747913599      0.420905054    
 -0.704757631      0.709448099      0.467445582    
 -0.728968620      0.684547126      0.485696256    
 -0.752300262      0.658820391      0.494024664    
 -0.788117886      0.615524352      0.484099478    
 -0.809017003      0.587785244      0.463193297    
 -0.828940272      0.559337139      0.431855381    
 -0.859048963      0.511893392      0.363221973    
 -0.876306653      0.481753677      0.313396275    
 -0.892507374      0.451032847      0.261177689    
 -0.916432381      0.400189579      0.178676143    
 -0.929776490      0.368124545      0.132816613    
 -0.941999078      0.335615486       9.30696428E-02
 -0.959363103      0.282174528       4.41155769E-02
 -0.968583167      0.248689890       2.35461053E-02
 -0.976634920      0.214905262       9.66396928E-03
 -0.987164080      0.159709439      -1.58183789E-03
 -0.992114723      0.125333235      -3.79661471E-03
 -0.995868623       9.08058509E-02  -4.03369404E-03
 -0.999396861       3.47256102E-02  -3.05861514E-03
  -1.00000000       1.22464685E-16  -2.77207210E-03
 -0.999396861      -3.47256102E-02  -3.05861514E-03
 -0.995868623      -9.08058509E-02  -4.03369404E-03
 -0.992114723     -0.125333235      -3.79661471E-03
 -0.987164080     -0.159709439      -1.58183789E-03
 -0.976634920     -0.214905262       9.66396928E-03
 -0.968583167     -0.248689890       2.35461053E-02
 -0.959363103     -0.282174528       4.41155769E-02
 -0.941999078     -0.335615486       9.30696428E-02
 -0.929776490     -0.368124545      0.132816613    
 -0.916432381     -0.400189579      0.178676143    
 -0.892507374     -0.451032847      0.261177689    
 -0.876306653     -0.481753677      0.313396275    
 -0.859048963     -0.511893392      0.363221973    
 -0.828940272     -0.559337139      0.431855381    
 -0.809017003     -0.587785244      0.463193297    
 -0.788117886     -0.615524352      0.484099478    
 -0.752300262     -0.658820391      0.494024664    
 -0.728968620     -0.684547126      0.485696256    
 -0.704757631     -0.709448099      0.467445582    
 -0.663796067     -0.747913599      0.420905054    
 -0.637423992     -0.770513237      0.384679824    
 -0.610283017     -0.792183459      0.345153689    
 -0.564823449     -0.825211763      0.278982818    
 -0.535826802     -0.844327927      0.239202216    
 -0.506183803     -0.862425625      0.201748446    
 -0.456943184     -0.889495909      0.148119450    
 -0.425779283     -0.904827058      0.119923115    
 -0.394101828     -0.919066787       9.56523120E-02
 -0.341856629     -0.939752102       6.43317327E-02
 -0.309017003     -0.951056540       4.94255498E-02
 -0.275804609     -0.961213708       3.74535955E-02
 -0.221378833     -0.975187898       2.32256167E-02
 -0.187381312     -0.982287228       1.69932507E-02
 -0.153157771     -0.988201737       1.22769754E-02
  -9.74097401E-02 -0.995244384       7.06049195E-03
  -6.27905205E-02 -0.998026729       4.92722448E-03
  -2.80955620E-02 -0.999605238       3.40350647E-03
   2.80955620E-02 -0.999605238       1.82611961E-03
   6.27905205E-02 -0.998026729       1.21800299E-03
   9.74097401E-02 -0.995244384       8.03648203E-04
  0.153157771     -0.988201737       4.02607402E-04
  0.187381312     -0.982287228       2.65654002E-04
  0.221378833     -0.975187898       1.63725621E-04
  0.275804609     -0.961213708       7.29393432E-05
  0.309017003     -0.951056540       5.12892111E-05
  0.341856629     -0.939752102       3.08719718E-05
  0.394101828     -0.919066787       1.22813681E-05
  0.425779283     -0.904827058       2.56919930E-06
  0.456943184     -0.889495909       4.23839174E-06
  0.506183803     -0.862425625       5.39834355E-06
  0.535826802     -0.844327927      -2.84547286E-06
  0.564823449     -0.825211763      -1.18650235E-06
  0.610283017     -0.792183459       4.41862255E-07
  0.637423992     -0.770513237       2.15520231E-06
  0.663796067     -0.747913599       1.66657344E-06
  0.704757631     -0.709448099      -3.36443418E-06
  0.728968620     -0.684547126       2.15899968E-06
  0.752300262     -0.658820391       1.08571373E-06
  0.788117886     -0.615524352       5.79622565E-07
  0.809017003     -0.587785244       9.56054123E-07
  0.828940272     -0.559337139      -2.86294471E-06
  0.859048963     -0.511893392       2.33384708E-06
  0.876306653     -0.481753677       1.77284548E-07
  0.892507374     -0.451032847       5.17126146E-08
  0.916432381     -0.400189579      -2.04831463E-06
  0.929776490     -0.368124545      -2.51425763E-06
  0.941999078     -0.335615486       4.21624281E-06
  0.959363103     -0.282174528      -1.34588947E-06
  0.968583167     -0.248689890      -3.72137720E-06
  0.976634920     -0.214905262      -8.87634087E-07
  0.987164080     -0.159709439       3.96670976E-06
  0.992114723     -0.125333235       1.44506998E-06
  0.995868623      -9.08058509E-02  -4.74772878E-06
  0.999396861      -3.47256102E-02   9.06178684E-07
   1.00000000      -2.44929371E-16   5.46135698E-06
