   1.00000000       0.00000000       9.53613471E-06
  0.999396861       3.47256102E-02  -3.76757356E-07
  0.995868623       9.08058509E-02  -4.36232858E-06
  0.992114723      0.125333235       3.66215158E-06
  0.987164080      0.159709439       6.76347554E-06
  0.976634920      0.214905262      -4.88609794E-06
  0.968583167      0.248689890      -1.39003114E-05
  0.959363103      0.282174528      -5.37825008E-06
  0.941999078      0.335615486      -6.85401983E-06
  0.929776490      0.368124545      -2.48795203E-07
  0.916432381      0.400189579       3.19285500E-05
  0.892507374      0.451032847       9.75930670E-05
  0.876306653      0.481753677       1.13256312E-04
  0.859048963      0.511893392       5.17907320E-05
  0.828940272      0.559337139      -2.81047862E-04
  0.809017003      0.587785244      -6.72832073E-04
  0.788117886      0.615524352      -1.14583864E-03
  0.752300262      0.658820391      -1.42355205E-03
  0.728968620      0.684547126      -5.50400175E-04
  0.704757631      0.709448099       2.02848576E-03
  0.663796067      0.747913599       1.24138119E-02
  0.637423992      0.770513237       2.45486535E-02
  0.610283017      0.792183459       4.24259380E-02
  0.564823449      0.825211763       8.55330005E-02
  0.535826802      0.844327927      0.121368073    
  0.506183803      0.862425625      0.163657412    
  0.456943184      0.889495909      0.242277458    
  0.425779283      0.904827058      0.293820232    
  0.394101828      0.919066787      0.344479561    
  0.341856629      0.939752102      0.417476088    
  0.309017003      0.951056540      0.452938646    
  0.275804609      0.961213708      0.478580207    
  0.221378833      0.975187898      0.496321380    
  0.187381312      0.982287228      0.492254466    
  0.153157771      0.988201737      0.477456361    
   9.74097401E-02  0.995244384      0.434398264    
   6.27905205E-02  0.998026729      0.398982584    
   2.80955620E-02  0.999605238      0.359354824    
  -2.80955620E-02  0.999605238      0.291535676    
  -6.27905205E-02  0.998026729      0.250155330    
  -9.74097401E-02  0.995244384      0.210905343    
 -0.153157771      0.988201737      0.154344589    
 -0.187381312      0.982287228      0.124524534    
 -0.221378833      0.975187898       9.88600999E-02
 -0.275804609      0.961213708       6.58250004E-02
 -0.309017003      0.951056540       5.01814447E-02
 -0.341856629      0.939752102       3.76870781E-02
 -0.394101828      0.919066787       2.29834598E-02
 -0.425779283      0.904827058       1.66157894E-02
 -0.456943184      0.889495909       1.18461521E-02
 -0.506183803      0.862425625       6.65689167E-03
 -0.535826802      0.844327927       4.57563950E-03
 -0.564823449      0.825211763       3.10154888E-03
 -0.610283017      0.792183459       1.61397911E-03
 -0.637423992      0.770513237       1.06079690E-03
 -0.663796067      0.747913599       6.84869941E-04
 -0.704757631      0.709448099       3.26585723E-04
 -0.728968620      0.684547126       2.07320074E-04
 -0.752300262      0.658820391       1.30396496E-04
 -0.788117886      0.615524352       5.64711117E-05
 -0.809017003      0.587785244       3.26142108E-05
 -0.828940272      0.559337139       1.98405760E-05
 -0.859048963      0.511893392       9.16673889E-06
 -0.876306653      0.481753677       4.91675837E-06
 -0.892507374      0.451032847       3.95309280E-06
 -0.916432381      0.400189579      -1.69812449E-06
 -0.929776490      0.368124545      -8.62879347E-07
 -0.941999078      0.335615486       3.55886027E-06
 -0.959363103      0.282174528       5.77323988E-07
 -0.968583167      0.248689890      -3.74933643E-06
 -0.976634920      0.214905262      -3.58032480E-06
 -0.987164080      0.159709439       7.08161315E-06
 -0.992114723      0.125333235       1.30961280E-06
 -0.995868623       9.08058509E-02  -7.17515877E-06
 -0.999396861       3.47256102E-02   1.83738337E-06
  -1.00000000       1.22464685E-16   6.17594924E-06
 -0.999396861      -3.47256102E-02   1.83738337E-06
 -0.995868623      -9.08058509E-02  -7.17515877E-06
 -0.992114723     -0.125333235       1.30961280E-06
 -0.987164080     -0.159709439       7.08161315E-06
 -0.976634920     -0.214905262      -3.58032480E-06
 -0.968583167     -0.248689890      -3.74933643E-06
 -0.959363103     -0.282174528       5.77323988E-07
 -0.941999078     -0.335615486       3.55886027E-06
 -0.929776490     -0.368124545      -8.62879347E-07
 -0.916432381     -0.400189579      -1.69812449E-06
 -0.892507374     -0.451032847       3.95309280E-06
 -0.876306653     -0.481753677       4.91675837E-06
 -0.859048963     -0.511893392       9.16673889E-06
 -0.828940272     -0.559337139       1.98405760E-05
 -0.809017003     -0.587785244       3.26142108E-05
 -0.788117886     -0.615524352       5.64711117E-05
 -0.752300262     -0.658820391       1.30396496E-04
 -0.728968620     -0.684547126       2.07320074E-04
 -0.704757631     -0.709448099       3.26585723E-04
 -0.663796067     -0.747913599       6.84869941E-04
 -0.637423992     -0.770513237       1.06079690E-03
 -0.610283017     -0.792183459       1.61397911E-03
 -0.564823449     -0.825211763       3.10154888E-03
 -0.535826802     -0.844327927       4.57563950E-03
 -0.506183803     -0.862425625       6.65689167E-03
 -0.456943184     -0.889495909       1.18461521E-02
 -0.425779283     -0.904827058       1.66157894E-02
 -0.394101828     -0.919066787       2.29834598E-02
 -0.341856629     -0.939752102       3.76870781E-02
 -0.309017003     -0.951056540       5.01814447E-02
 -0.275804609     -0.961213708       6.58250004E-02
 -0.221378833     -0.975187898       9.88600999E-02
 -0.187381312     -0.982287228      0.124524534    
 -0.153157771     -0.988201737      0.154344589    
  -9.74097401E-02 -0.995244384      0.210905343    
  -6.27905205E-02 -0.998026729      0.250155330    
  -2.80955620E-02 -0.999605238      0.291535676    
   2.80955620E-02 -0.999605238      0.359354824    
   6.27905205E-02 -0.998026729      0.398982584    
   9.74097401E-02 -0.995244384      0.434398264    
  0.153157771     -0.988201737      0.477456361    
  0.187381312     -0.982287228      0.492254466    
  0.221378833     -0.975187898      0.496321380    
  0.275804609     -0.961213708      0.478580207    
  0.309017003     -0.951056540      0.452938646    
  0.341856629     -0.939752102      0.417476088    
  0.394101828     -0.919066787      0.344479561    
  0.425779283     -0.904827058      0.293820232    
  0.456943184     -0.889495909      0.242277458    
  0.506183803     -0.862425625      0.163657412    
  0.535826802     -0.844327927      0.121368073    
  0.564823449     -0.825211763       8.55330005E-02
  0.610283017     -0.792183459       4.24259380E-02
  0.637423992     -0.770513237       2.45486535E-02
  0.663796067     -0.747913599       1.24138119E-02
  0.704757631     -0.709448099       2.02848576E-03
  0.728968620     -0.684547126      -5.50400175E-04
  0.752300262     -0.658820391      -1.42355205E-03
  0.788117886     -0.615524352      -1.14583864E-03
  0.809017003     -0.587785244      -6.72832073E-04
  0.828940272     -0.559337139      -2.81047862E-04
  0.859048963     -0.511893392       5.17907320E-05
  0.876306653     -0.481753677       1.13256312E-04
  0.892507374     -0.451032847       9.75930670E-05
  0.916432381     -0.400189579       3.19285500E-05
  0.929776490     -0.368124545      -2.48795232E-07
  0.941999078     -0.335615486      -6.85401983E-06
  0.959363103     -0.282174528      -5.37825008E-06
  0.968583167     -0.248689890      -1.39003114E-05
  0.976634920     -0.214905262      -4.88609794E-06
  0.987164080     -0.159709439       6.76347554E-06
  0.992114723     -0.125333235       3.66215158E-06
  0.995868623      -9.08058509E-02  -4.36232858E-06
  0.999396861      -3.47256102E-02  -3.76757356E-07
   1.00000000      -2.44929371E-16   9.53613471E-06
