   1.00000000       0.00000000      -7.40292194E-07
  0.999396861       3.47256102E-02  -8.49863454E-07
  0.995868623       9.08058509E-02   2.36396022E-06
  0.992114723      0.125333235       2.81541657E-09
  0.987164080      0.159709439      -3.02172180E-06
  0.976634920      0.214905262       2.32671414E-06
  0.968583167      0.248689890       5.64656716E-07
  0.959363103      0.282174528      -6.24342931E-07
  0.941999078      0.335615486      -1.71952775E-06
  0.929776490      0.368124545       6.29226463E-07
  0.916432381      0.400189579       3.81765449E-06
  0.892507374      0.451032847      -5.07659161E-06
  0.876306653      0.481753677       6.64626441E-07
  0.859048963      0.511893392       4.26164615E-06
  0.828940272      0.559337139      -2.40700547E-06
  0.809017003      0.587785244      -8.58109900E-07
  0.788117886      0.615524352      -6.25698476E-07
  0.752300262      0.658820391       4.13924226E-06
  0.728968620      0.684547126      -2.11743532E-06
  0.704757631      0.709448099      -5.73974512E-06
  0.663796067      0.747913599       6.34762591E-06
  0.637423992      0.770513237      -1.87149317E-06
  0.610283017      0.792183459      -3.83026963E-06
  0.564823449      0.825211763       4.01213128E-06
  0.535826802      0.844327927       5.98135011E-06
  0.506183803      0.862425625       8.07714787E-06
  0.456943184      0.889495909      -1.29540167E-05
  0.425779283      0.904827058      -2.22862818E-05
  0.394101828      0.919066787      -4.43573554E-05
  0.341856629      0.939752102       2.33488936E-06
  0.309017003      0.951056540       2.55983847E-04
  0.275804609      0.961213708       9.07784677E-04
  0.221378833      0.975187898       3.79890646E-03
  0.187381312      0.982287228       7.61649664E-03
  0.153157771      0.988201737       1.39401751E-02
   9.74097401E-02  0.995244384       3.18948328E-02
   6.27905205E-02  0.998026729       4.93242070E-02
   2.80955620E-02  0.999605238       7.26386011E-02
  -2.80955620E-02  0.999605238      0.123936757    
  -6.27905205E-02  0.998026729      0.163843751    
  -9.74097401E-02  0.995244384      0.208993256    
 -0.153157771      0.988201737      0.288875371    
 -0.187381312      0.982287228      0.338818967    
 -0.221378833      0.975187898      0.385959476    
 -0.275804609      0.961213708      0.449409664    
 -0.309017003      0.951056540      0.476965934    
 -0.341856629      0.939752102      0.493608117    
 -0.394101828      0.919066787      0.495693654    
 -0.425779283      0.904827058      0.482057631    
 -0.456943184      0.889495909      0.458379507    
 -0.506183803      0.862425625      0.403470904    
 -0.535826802      0.844327927      0.362747550    
 -0.564823449      0.825211763      0.319533557    
 -0.610283017      0.792183459      0.249511167    
 -0.637423992      0.770513237      0.208790898    
 -0.663796067      0.747913599      0.171447843    
 -0.704757631      0.709448099      0.119882531    
 -0.728968620      0.684547126       9.38607231E-02
 -0.752300262      0.658820391       7.22078606E-02
 -0.788117886      0.615524352       4.55496907E-02
 -0.809017003      0.587785244       3.35059948E-02
 -0.828940272      0.559337139       2.42454335E-02
 -0.859048963      0.511893392       1.38791678E-02
 -0.876306653      0.481753677       9.62970220E-03
 -0.892507374      0.451032847       6.57300279E-03
 -0.916432381      0.400189579       3.42615251E-03
 -0.929776490      0.368124545       2.25142343E-03
 -0.941999078      0.335615486       1.45558617E-03
 -0.959363103      0.282174528       6.92451838E-04
 -0.968583167      0.248689890       4.25977894E-04
 -0.976634920      0.214905262       2.63383234E-04
 -0.987164080      0.159709439       1.20252262E-04
 -0.992114723      0.125333235       6.78662982E-05
 -0.995868623       9.08058509E-02   3.71249043E-05
 -0.999396861       3.47256102E-02   2.16444387E-05
  -1.00000000       1.22464685E-16   2.34147301E-05
 -0.999396861      -3.47256102E-02   2.16444387E-05
 -0.995868623      -9.08058509E-02   3.71249043E-05
 -0.992114723     -0.125333235       6.78662982E-05
 -0.987164080     -0.159709439       1.20252262E-04
 -0.976634920     -0.214905262       2.63383234E-04
 -0.968583167     -0.248689890       4.25977894E-04
 -0.959363103     -0.282174528       6.92451838E-04
 -0.941999078     -0.335615486       1.45558617E-03
 -0.929776490     -0.368124545       2.25142343E-03
 -0.916432381     -0.400189579       3.42615251E-03
 -0.892507374     -0.451032847       6.57300279E-03
 -0.876306653     -0.481753677       9.62970220E-03
 -0.859048963     -0.511893392       1.38791678E-02
 -0.828940272     -0.559337139       2.42454335E-02
 -0.809017003     -0.587785244       3.35059948E-02
 -0.788117886     -0.615524352       4.55496907E-02
 -0.752300262     -0.658820391       7.22078606E-02
 -0.728968620     -0.684547126       9.38607231E-02
 -0.704757631     -0.709448099      0.119882531    
 -0.663796067     -0.747913599      0.171447843    
 -0.637423992     -0.770513237      0.208790898    
 -0.610283017     -0.792183459      0.249511167    
 -0.564823449     -0.825211763      0.319533557    
 -0.535826802     -0.844327927      0.362747550    
 -0.506183803     -0.862425625      0.403470904    
 -0.456943184     -0.889495909      0.458379507    
 -0.425779283     -0.904827058      0.482057631    
 -0.394101828     -0.919066787      0.495693654    
 -0.341856629     -0.939752102      0.493608117    
 -0.309017003     -0.951056540      0.476965934    
 -0.275804609     -0.961213708      0.449409664    
 -0.221378833     -0.975187898      0.385959476    
 -0.187381312     -0.982287228      0.338818967    
 -0.153157771     -0.988201737      0.288875371    
  -9.74097401E-02 -0.995244384      0.208993256    
  -6.27905205E-02 -0.998026729      0.163843751    
  -2.80955620E-02 -0.999605238      0.123936757    
   2.80955620E-02 -0.999605238       7.26386011E-02
   6.27905205E-02 -0.998026729       4.93242070E-02
   9.74097401E-02 -0.995244384       3.18948328E-02
  0.153157771     -0.988201737       1.39401751E-02
  0.187381312     -0.982287228       7.61649664E-03
  0.221378833     -0.975187898       3.79890646E-03
  0.275804609     -0.961213708       9.07784677E-04
  0.309017003     -0.951056540       2.55983847E-04
  0.341856629     -0.939752102       2.33488936E-06
  0.394101828     -0.919066787      -4.43573554E-05
  0.425779283     -0.904827058      -2.22862818E-05
  0.456943184     -0.889495909      -1.29540167E-05
  0.506183803     -0.862425625       8.07714787E-06
  0.535826802     -0.844327927       5.98135011E-06
  0.564823449     -0.825211763       4.01213128E-06
  0.610283017     -0.792183459      -3.83026963E-06
  0.637423992     -0.770513237      -1.87149317E-06
  0.663796067     -0.747913599       6.34762591E-06
  0.704757631     -0.709448099      -5.73974512E-06
  0.728968620     -0.684547126      -2.11743532E-06
  0.752300262     -0.658820391       4.13924226E-06
  0.788117886     -0.615524352      -6.25698476E-07
  0.809017003     -0.587785244      -8.58109900E-07
  0.828940272     -0.559337139      -2.40700547E-06
  0.859048963     -0.511893392       4.26164615E-06
  0.876306653     -0.481753677       6.64626441E-07
  0.892507374     -0.451032847      -5.07659161E-06
  0.916432381     -0.400189579       3.81765449E-06
  0.929776490     -0.368124545       6.29226463E-07
  0.941999078     -0.335615486      -1.71952775E-06
  0.959363103     -0.282174528      -6.24342931E-07
  0.968583167     -0.248689890       5.64656716E-07
  0.976634920     -0.214905262       2.32671414E-06
  0.987164080     -0.159709439      -3.02172180E-06
  0.992114723     -0.125333235       2.81541568E-09
  0.995868623      -9.08058509E-02   2.36396022E-06
  0.999396861      -3.47256102E-02  -8.49863454E-07
   1.00000000      -2.44929371E-16  -7.40292194E-07
