   1.00000000       0.00000000      -1.76594619E-06
  0.999396861       3.47256102E-02  -3.18410287E-07
  0.995868623       9.08058509E-02   1.96303495E-06
  0.992114723      0.125333235      -1.09501661E-06
  0.987164080      0.159709439      -2.54727229E-06
  0.976634920      0.214905262       3.14347835E-06
  0.968583167      0.248689890       2.08422222E-07
  0.959363103      0.282174528      -3.11741928E-06
  0.941999078      0.335615486       2.24877476E-06
  0.929776490      0.368124545       1.45407432E-06
  0.916432381      0.400189579      -1.74955835E-06
  0.892507374      0.451032847      -7.59320002E-08
  0.876306653      0.481753677       1.69620864E-06
  0.859048963      0.511893392       9.41769315E-07
  0.828940272      0.559337139      -2.45956744E-06
  0.809017003      0.587785244       4.26404682E-07
  0.788117886      0.615524352       3.28785200E-06
  0.752300262      0.658820391      -2.96877738E-06
  0.728968620      0.684547126       3.62597916E-07
  0.704757631      0.709448099       5.43214310E-06
  0.663796067      0.747913599       8.12484541E-06
  0.637423992      0.770513237       2.27657947E-05
  0.610283017      0.792183459       5.55368933E-05
  0.564823449      0.825211763       2.01841336E-04
  0.535826802      0.844327927       4.18051874E-04
  0.506183803      0.862425625       8.35169340E-04
  0.456943184      0.889495909       2.35656044E-03
  0.425779283      0.904827058       4.21004416E-03
  0.394101828      0.919066787       7.23981438E-03
  0.341856629      0.939752102       1.60604492E-02
  0.309017003      0.951056540       2.50369348E-02
  0.275804609      0.961213708       3.76981683E-02
  0.221378833      0.975187898       6.80600852E-02
  0.187381312      0.982287228       9.40219760E-02
  0.153157771      0.988201737      0.125905484    
   9.74097401E-02  0.995244384      0.189497843    
   6.27905205E-02  0.998026729      0.234894007    
   2.80955620E-02  0.999605238      0.283063024    
  -2.80955620E-02  0.999605238      0.361265779    
  -6.27905205E-02  0.998026729      0.405640215    
  -9.74097401E-02  0.995244384      0.443787247    
 -0.153157771      0.988201737      0.486455709    
 -0.187381312      0.982287228      0.498404592    
 -0.221378833      0.975187898      0.498436987    
 -0.275804609      0.961213708      0.474037558    
 -0.309017003      0.951056540      0.445784211    
 -0.341856629      0.939752102      0.409781039    
 -0.394101828      0.919066787      0.341010004    
 -0.425779283      0.904827058      0.295794010    
 -0.456943184      0.889495909      0.251089245    
 -0.506183803      0.862425625      0.184155047    
 -0.535826802      0.844327927      0.147962928    
 -0.564823449      0.825211763      0.116454072    
 -0.610283017      0.792183459       7.57379830E-02
 -0.637423992      0.770513237       5.65633774E-02
 -0.663796067      0.747913599       4.14266847E-02
 -0.704757631      0.709448099       2.40223836E-02
 -0.728968620      0.684547126       1.67182349E-02
 -0.752300262      0.658820391       1.14247026E-02
 -0.788117886      0.615524352       5.94010111E-03
 -0.809017003      0.587785244       3.86497239E-03
 -0.828940272      0.559337139       2.46366416E-03
 -0.859048963      0.511893392       1.15072518E-03
 -0.876306653      0.481753677       7.05782382E-04
 -0.892507374      0.451032847       4.23856312E-04
 -0.916432381      0.400189579       1.71444859E-04
 -0.929776490      0.368124545       9.74489158E-05
 -0.941999078      0.335615486       6.19354469E-05
 -0.959363103      0.282174528       2.09061855E-05
 -0.968583167      0.248689890       8.34851198E-06
 -0.976634920      0.214905262       3.72237514E-06
 -0.987164080      0.159709439       6.58288627E-06
 -0.992114723      0.125333235       3.11219605E-06
 -0.995868623       9.08058509E-02  -4.32521756E-06
 -0.999396861       3.47256102E-02   1.35585572E-06
  -1.00000000       1.22464685E-16   3.97260783E-06
 -0.999396861      -3.47256102E-02   1.35585572E-06
 -0.995868623      -9.08058509E-02  -4.32521756E-06
 -0.992114723     -0.125333235       3.11219605E-06
 -0.987164080     -0.159709439       6.58288627E-06
 -0.976634920     -0.214905262       3.72237514E-06
 -0.968583167     -0.248689890       8.34851198E-06
 -0.959363103     -0.282174528       2.09061855E-05
 -0.941999078     -0.335615486       6.19354469E-05
 -0.929776490     -0.368124545       9.74489158E-05
 -0.916432381     -0.400189579       1.71444859E-04
 -0.892507374     -0.451032847       4.23856312E-04
 -0.876306653     -0.481753677       7.05782382E-04
 -0.859048963     -0.511893392       1.15072518E-03
 -0.828940272     -0.559337139       2.46366416E-03
 -0.809017003     -0.587785244       3.86497239E-03
 -0.788117886     -0.615524352       5.94010111E-03
 -0.752300262     -0.658820391       1.14247026E-02
 -0.728968620     -0.684547126       1.67182349E-02
 -0.704757631     -0.709448099       2.40223836E-02
 -0.663796067     -0.747913599       4.14266847E-02
 -0.637423992     -0.770513237       5.65633774E-02
 -0.610283017     -0.792183459       7.57379830E-02
 -0.564823449     -0.825211763      0.116454072    
 -0.535826802     -0.844327927      0.147962928    
 -0.506183803     -0.862425625      0.184155047    
 -0.456943184     -0.889495909      0.251089245    
 -0.425779283     -0.904827058      0.295794010    
 -0.394101828     -0.919066787      0.341010004    
 -0.341856629     -0.939752102      0.409781039    
 -0.309017003     -0.951056540      0.445784211    
 -0.275804609     -0.961213708      0.474037558    
 -0.221378833     -0.975187898      0.498436987    
 -0.187381312     -0.982287228      0.498404592    
 -0.153157771     -0.988201737      0.486455709    
  -9.74097401E-02 -0.995244384      0.443787247    
  -6.27905205E-02 -0.998026729      0.405640215    
  -2.80955620E-02 -0.999605238      0.361265779    
   2.80955620E-02 -0.999605238      0.283063024    
   6.27905205E-02 -0.998026729      0.234894007    
   9.74097401E-02 -0.995244384      0.189497843    
  0.153157771     -0.988201737      0.125905484    
  0.187381312     -0.982287228       9.40219760E-02
  0.221378833     -0.975187898       6.80600852E-02
  0.275804609     -0.961213708       3.76981683E-02
  0.309017003     -0.951056540       2.50369348E-02
  0.341856629     -0.939752102       1.60604492E-02
  0.394101828     -0.919066787       7.23981438E-03
  0.425779283     -0.904827058       4.21004416E-03
  0.456943184     -0.889495909       2.35656044E-03
  0.506183803     -0.862425625       8.35169340E-04
  0.535826802     -0.844327927       4.18051874E-04
  0.564823449     -0.825211763       2.01841336E-04
  0.610283017     -0.792183459       5.55368933E-05
  0.637423992     -0.770513237       2.27657947E-05
  0.663796067     -0.747913599       8.12484541E-06
  0.704757631     -0.709448099       5.43214310E-06
  0.728968620     -0.684547126       3.62597916E-07
  0.752300262     -0.658820391      -2.96877738E-06
  0.788117886     -0.615524352       3.28785200E-06
  0.809017003     -0.587785244       4.26404682E-07
  0.828940272     -0.559337139      -2.45956744E-06
  0.859048963     -0.511893392       9.41769315E-07
  0.876306653     -0.481753677       1.69620864E-06
  0.892507374     -0.451032847      -7.59320002E-08
  0.916432381     -0.400189579      -1.74955835E-06
  0.929776490     -0.368124545       1.45407432E-06
  0.941999078     -0.335615486       2.24877476E-06
  0.959363103     -0.282174528      -3.11741928E-06
  0.968583167     -0.248689890       2.08422222E-07
  0.976634920     -0.214905262       3.14347835E-06
  0.987164080     -0.159709439      -2.54727229E-06
  0.992114723     -0.125333235      -1.09501661E-06
  0.995868623      -9.08058509E-02   1.96303495E-06
  0.999396861      -3.47256102E-02  -3.18410287E-07
   1.00000000      -2.44929371E-16  -1.76594619E-06
