   1.00000000       0.00000000       7.41055919E-06
  0.999396861       3.47256102E-02   9.08842196E-07
  0.995868623       9.08058509E-02  -5.93699315E-06
  0.992114723      0.125333235       1.37299003E-06
  0.987164080      0.159709439       6.36814002E-06
  0.976634920      0.214905262      -3.83551105E-06
  0.968583167      0.248689890      -4.98974168E-06
  0.959363103      0.282174528       2.16054445E-06
  0.941999078      0.335615486       2.27985925E-06
  0.929776490      0.368124545      -1.81906933E-06
  0.916432381      0.400189579      -3.28083092E-06
  0.892507374      0.451032847       2.61076161E-06
  0.876306653      0.481753677       2.01470903E-06
  0.859048963      0.511893392      -1.43355589E-06
  0.828940272      0.559337139      -4.28963517E-07
  0.809017003      0.587785244      -7.27060012E-07
  0.788117886      0.615524352       1.13690237E-06
  0.752300262      0.658820391       6.31415446E-07
  0.728968620      0.684547126      -3.24978123E-06
  0.704757631      0.709448099      -8.25196480E-07
  0.663796067      0.747913599       2.05770198E-06
  0.637423992      0.770513237       1.33213723E-06
  0.610283017      0.792183459      -2.05248898E-06
  0.564823449      0.825211763      -9.75467856E-07
  0.535826802      0.844327927       6.05824380E-06
  0.506183803      0.862425625       3.88859604E-07
  0.456943184      0.889495909      -3.09921461E-06
  0.425779283      0.904827058       2.51577831E-06
  0.394101828      0.919066787       2.00515001E-06
  0.341856629      0.939752102      -9.42112592E-07
  0.309017003      0.951056540      -4.16274088E-06
  0.275804609      0.961213708       2.55877080E-06
  0.221378833      0.975187898       1.04565584E-06
  0.187381312      0.982287228      -4.97691690E-06
  0.153157771      0.988201737       5.08663516E-06
   9.74097401E-02  0.995244384       7.96278619E-06
   6.27905205E-02  0.998026729       1.16034789E-05
   2.80955620E-02  0.999605238       2.09419468E-05
  -2.80955620E-02  0.999605238       5.88812691E-05
  -6.27905205E-02  0.998026729       9.82370766E-05
  -9.74097401E-02  0.995244384       1.47959669E-04
 -0.153157771      0.988201737       3.45603941E-04
 -0.187381312      0.982287228       5.54323662E-04
 -0.221378833      0.975187898       8.66658811E-04
 -0.275804609      0.961213708       1.76445616E-03
 -0.309017003      0.951056540       2.69407104E-03
 -0.341856629      0.939752102       4.05341573E-03
 -0.394101828      0.919066787       7.57175870E-03
 -0.425779283      0.904827058       1.09461658E-02
 -0.456943184      0.889495909       1.55928340E-02
 -0.506183803      0.862425625       2.67267395E-02
 -0.535826802      0.844327927       3.65371816E-02
 -0.564823449      0.825211763       4.91681360E-02
 -0.610283017      0.792183459       7.68126026E-02
 -0.637423992      0.770513237       9.90246236E-02
 -0.663796067      0.747913599      0.125515163    
 -0.704757631      0.709448099      0.177564159    
 -0.728968620      0.684547126      0.214961946    
 -0.752300262      0.658820391      0.255521089    
 -0.788117886      0.615524352      0.324812263    
 -0.809017003      0.587785244      0.367309242    
 -0.828940272      0.559337139      0.407156736    
 -0.859048963      0.511893392      0.460434169    
 -0.876306653      0.481753677      0.483068079    
 -0.892507374      0.451032847      0.495684564    
 -0.916432381      0.400189579      0.492051512    
 -0.929776490      0.368124545      0.474521756    
 -0.941999078      0.335615486      0.446118712    
 -0.959363103      0.282174528      0.381393731    
 -0.968583167      0.248689890      0.333630383    
 -0.976634920      0.214905262      0.283433735    
 -0.987164080      0.159709439      0.204924867    
 -0.992114723      0.125333235      0.162710324    
 -0.995868623       9.08058509E-02  0.128356054    
 -0.999396861       3.47256102E-02   9.41991359E-02
  -1.00000000       1.22464685E-16   8.81802440E-02
 -0.999396861      -3.47256102E-02   9.41991359E-02
 -0.995868623      -9.08058509E-02  0.128356054    
 -0.992114723     -0.125333235      0.162710324    
 -0.987164080     -0.159709439      0.204924867    
 -0.976634920     -0.214905262      0.283433735    
 -0.968583167     -0.248689890      0.333630383    
 -0.959363103     -0.282174528      0.381393731    
 -0.941999078     -0.335615486      0.446118712    
 -0.929776490     -0.368124545      0.474521756    
 -0.916432381     -0.400189579      0.492051512    
 -0.892507374     -0.451032847      0.495684564    
 -0.876306653     -0.481753677      0.483068079    
 -0.859048963     -0.511893392      0.460434169    
 -0.828940272     -0.559337139      0.407156736    
 -0.809017003     -0.587785244      0.367309242    
 -0.788117886     -0.615524352      0.324812263    
 -0.752300262     -0.658820391      0.255521089    
 -0.728968620     -0.684547126      0.214961946    
 -0.704757631     -0.709448099      0.177564159    
 -0.663796067     -0.747913599      0.125515163    
 -0.637423992     -0.770513237       9.90246236E-02
 -0.610283017     -0.792183459       7.68126026E-02
 -0.564823449     -0.825211763       4.91681360E-02
 -0.535826802     -0.844327927       3.65371816E-02
 -0.506183803     -0.862425625       2.67267395E-02
 -0.456943184     -0.889495909       1.55928340E-02
 -0.425779283     -0.904827058       1.09461658E-02
 -0.394101828     -0.919066787       7.57175870E-03
 -0.341856629     -0.939752102       4.05341573E-03
 -0.309017003     -0.951056540       2.69407104E-03
 -0.275804609     -0.961213708       1.76445616E-03
 -0.221378833     -0.975187898       8.66658811E-04
 -0.187381312     -0.982287228       5.54323662E-04
 -0.153157771     -0.988201737       3.45603941E-04
  -9.74097401E-02 -0.995244384       1.47959669E-04
  -6.27905205E-02 -0.998026729       9.82370766E-05
  -2.80955620E-02 -0.999605238       5.88812691E-05
   2.80955620E-02 -0.999605238       2.09419468E-05
   6.27905205E-02 -0.998026729       1.16034789E-05
   9.74097401E-02 -0.995244384       7.96278619E-06
  0.153157771     -0.988201737       5.08663516E-06
  0.187381312     -0.982287228      -4.97691690E-06
  0.221378833     -0.975187898       1.04565584E-06
  0.275804609     -0.961213708       2.55877080E-06
  0.309017003     -0.951056540      -4.16274088E-06
  0.341856629     -0.939752102      -9.42112592E-07
  0.394101828     -0.919066787       2.00515001E-06
  0.425779283     -0.904827058       2.51577831E-06
  0.456943184     -0.889495909      -3.09921461E-06
  0.506183803     -0.862425625       3.88859604E-07
  0.535826802     -0.844327927       6.05824380E-06
  0.564823449     -0.825211763      -9.75467856E-07
  0.610283017     -0.792183459      -2.05248898E-06
  0.637423992     -0.770513237       1.33213723E-06
  0.663796067     -0.747913599       2.05770198E-06
  0.704757631     -0.709448099      -8.25196480E-07
  0.728968620     -0.684547126      -3.24978123E-06
  0.752300262     -0.658820391       6.31415446E-07
  0.788117886     -0.615524352       1.13690237E-06
  0.809017003     -0.587785244      -7.27060012E-07
  0.828940272     -0.559337139      -4.28963517E-07
  0.859048963     -0.511893392      -1.43355589E-06
  0.876306653     -0.481753677       2.01470903E-06
  0.892507374     -0.451032847       2.61076161E-06
  0.916432381     -0.400189579      -3.28083092E-06
  0.929776490     -0.368124545      -1.81906933E-06
  0.941999078     -0.335615486       2.27985925E-06
  0.959363103     -0.282174528       2.16054445E-06
  0.968583167     -0.248689890      -4.98974168E-06
  0.976634920     -0.214905262      -3.83551105E-06
  0.987164080     -0.159709439       6.36814002E-06
  0.992114723     -0.125333235       1.37299003E-06
  0.995868623      -9.08058509E-02  -5.93699315E-06
  0.999396861      -3.47256102E-02   9.08842196E-07
   1.00000000      -2.44929371E-16   7.41055919E-06
