   1.00000000       0.00000000       6.63282946E-02
  0.999396861       3.47256102E-02   6.84500709E-02
  0.995868623       9.08058509E-02   8.09344724E-02
  0.992114723      0.125333235       9.43205506E-02
  0.987164080      0.159709439      0.112065352    
  0.976634920      0.214905262      0.149895236    
  0.968583167      0.248689890      0.178678051    
  0.959363103      0.282174528      0.211157680    
  0.941999078      0.335615486      0.269867271    
  0.929776490      0.368124545      0.308465183    
  0.916432381      0.400189579      0.347308576    
  0.892507374      0.451032847      0.406636029    
  0.876306653      0.481753677      0.438274175    
  0.859048963      0.511893392      0.463844091    
  0.828940272      0.559337139      0.488013864    
  0.809017003      0.587785244      0.490114748    
  0.788117886      0.615524352      0.481412143    
  0.752300262      0.658820391      0.444363207    
  0.728968620      0.684547126      0.408504725    
  0.704757631      0.709448099      0.364630342    
  0.663796067      0.747913599      0.282494068    
  0.637423992      0.770513237      0.229133889    
  0.610283017      0.792183459      0.177114651    
  0.564823449      0.825211763      0.102054313    
  0.535826802      0.844327927       6.42464831E-02
  0.506183803      0.862425625       3.42693627E-02
  0.456943184      0.889495909       2.62732827E-03
  0.425779283      0.904827058      -7.60511635E-03
  0.394101828      0.919066787      -1.22007094E-02
  0.341856629      0.939752102      -1.16151366E-02
  0.309017003      0.951056540      -8.68692994E-03
  0.275804609      0.961213708      -5.27242664E-03
  0.221378833      0.975187898      -7.32875895E-04
  0.187381312      0.982287228       9.08652786E-04
  0.153157771      0.988201737       1.63861550E-03
   9.74097401E-02  0.995244384       1.44480832E-03
   6.27905205E-02  0.998026729       9.28381691E-04
   2.80955620E-02  0.999605238       3.90267494E-04
  -2.80955620E-02  0.999605238      -1.83502794E-04
  -6.27905205E-02  0.998026729      -3.02812899E-04
  -9.74097401E-02  0.995244384      -2.76974402E-04
 -0.153157771      0.988201737      -1.15771756E-04
 -0.187381312      0.982287228      -1.78902737E-05
 -0.221378833      0.975187898       4.12395020E-05
 -0.275804609      0.961213708       5.90940617E-05
 -0.309017003      0.951056540       4.41979682E-05
 -0.341856629      0.939752102       1.13719707E-05
 -0.394101828      0.919066787      -9.28133704E-06
 -0.425779283      0.904827058      -1.46137745E-05
 -0.456943184      0.889495909      -1.00814113E-05
 -0.506183803      0.862425625       2.51729602E-07
 -0.535826802      0.844327927      -5.10696145E-06
 -0.564823449      0.825211763       3.95419465E-06
 -0.610283017      0.792183459       3.18097341E-06
 -0.637423992      0.770513237      -6.56507837E-07
 -0.663796067      0.747913599      -1.81358973E-06
 -0.704757631      0.709448099      -1.30653109E-06
 -0.728968620      0.684547126       5.54383087E-06
 -0.752300262      0.658820391       1.11074677E-07
 -0.788117886      0.615524352      -3.57001932E-06
 -0.809017003      0.587785244       4.24567043E-06
 -0.828940272      0.559337139       2.97058455E-06
 -0.859048963      0.511893392      -3.29409067E-06
 -0.876306653      0.481753677      -9.06340460E-07
 -0.892507374      0.451032847       2.10814983E-06
 -0.916432381      0.400189579       8.29021189E-07
 -0.929776490      0.368124545      -4.58020759E-06
 -0.941999078      0.335615486      -1.22264714E-06
 -0.959363103      0.282174528       4.32879597E-06
 -0.968583167      0.248689890      -3.90425657E-06
 -0.976634920      0.214905262      -3.25363931E-06
 -0.987164080      0.159709439       3.41037071E-06
 -0.992114723      0.125333235       1.77190714E-06
 -0.995868623       9.08058509E-02  -2.96319513E-06
 -0.999396861       3.47256102E-02  -1.60944595E-07
  -1.00000000       1.22464685E-16   5.82456551E-06
 -0.999396861      -3.47256102E-02  -1.60944595E-07
 -0.995868623      -9.08058509E-02  -2.96319513E-06
 -0.992114723     -0.125333235       1.77190714E-06
 -0.987164080     -0.159709439       3.41037071E-06
 -0.976634920     -0.214905262      -3.25363931E-06
 -0.968583167     -0.248689890      -3.90425657E-06
 -0.959363103     -0.282174528       4.32879597E-06
 -0.941999078     -0.335615486      -1.22264714E-06
 -0.929776490     -0.368124545      -4.58020759E-06
 -0.916432381     -0.400189579       8.29021189E-07
 -0.892507374     -0.451032847       2.10814983E-06
 -0.876306653     -0.481753677      -9.06340460E-07
 -0.859048963     -0.511893392      -3.29409067E-06
 -0.828940272     -0.559337139       2.97058455E-06
 -0.809017003     -0.587785244       4.24567043E-06
 -0.788117886     -0.615524352      -3.57001932E-06
 -0.752300262     -0.658820391       1.11074669E-07
 -0.728968620     -0.684547126       5.54383087E-06
 -0.704757631     -0.709448099      -1.30653109E-06
 -0.663796067     -0.747913599      -1.81358973E-06
 -0.637423992     -0.770513237      -6.56507837E-07
 -0.610283017     -0.792183459       3.18097341E-06
 -0.564823449     -0.825211763       3.95419465E-06
 -0.535826802     -0.844327927      -5.10696145E-06
 -0.506183803     -0.862425625       2.51729602E-07
 -0.456943184     -0.889495909      -1.00814113E-05
 -0.425779283     -0.904827058      -1.46137745E-05
 -0.394101828     -0.919066787      -9.28133704E-06
 -0.341856629     -0.939752102       1.13719707E-05
 -0.309017003     -0.951056540       4.41979682E-05
 -0.275804609     -0.961213708       5.90940617E-05
 -0.221378833     -0.975187898       4.12395020E-05
 -0.187381312     -0.982287228      -1.78902737E-05
 -0.153157771     -0.988201737      -1.15771756E-04
  -9.74097401E-02 -0.995244384      -2.76974402E-04
  -6.27905205E-02 -0.998026729      -3.02812899E-04
  -2.80955620E-02 -0.999605238      -1.83502794E-04
   2.80955620E-02 -0.999605238       3.90267494E-04
   6.27905205E-02 -0.998026729       9.28381691E-04
   9.74097401E-02 -0.995244384       1.44480832E-03
  0.153157771     -0.988201737       1.63861550E-03
  0.187381312     -0.982287228       9.08652786E-04
  0.221378833     -0.975187898      -7.32875895E-04
  0.275804609     -0.961213708      -5.27242664E-03
  0.309017003     -0.951056540      -8.68692994E-03
  0.341856629     -0.939752102      -1.16151366E-02
  0.394101828     -0.919066787      -1.22007094E-02
  0.425779283     -0.904827058      -7.60511635E-03
  0.456943184     -0.889495909       2.62732827E-03
  0.506183803     -0.862425625       3.42693627E-02
  0.535826802     -0.844327927       6.42464831E-02
  0.564823449     -0.825211763      0.102054313    
  0.610283017     -0.792183459      0.177114651    
  0.637423992     -0.770513237      0.229133889    
  0.663796067     -0.747913599      0.282494068    
  0.704757631     -0.709448099      0.364630342    
  0.728968620     -0.684547126      0.408504725    
  0.752300262     -0.658820391      0.444363207    
  0.788117886     -0.615524352      0.481412143    
  0.809017003     -0.587785244      0.490114748    
  0.828940272     -0.559337139      0.488013864    
  0.859048963     -0.511893392      0.463844091    
  0.876306653     -0.481753677      0.438274175    
  0.892507374     -0.451032847      0.406636029    
  0.916432381     -0.400189579      0.347308576    
  0.929776490     -0.368124545      0.308465183    
  0.941999078     -0.335615486      0.269867271    
  0.959363103     -0.282174528      0.211157680    
  0.968583167     -0.248689890      0.178678051    
  0.976634920     -0.214905262      0.149895236    
  0.987164080     -0.159709439      0.112065352    
  0.992114723     -0.125333235       9.43205506E-02
  0.995868623      -9.08058509E-02   8.09344724E-02
  0.999396861      -3.47256102E-02   6.84500709E-02
   1.00000000      -2.44929371E-16   6.63282946E-02
