   1.00000000       0.00000000       8.30874069E-06
  0.999396861       3.47256102E-02   7.56592408E-06
  0.995868623       9.08058509E-02   1.47982073E-05
  0.992114723      0.125333235       2.85479764E-05
  0.987164080      0.159709439       5.01464747E-05
  0.976634920      0.214905262       1.13941816E-04
  0.968583167      0.248689890       1.96322275E-04
  0.959363103      0.282174528       3.29327653E-04
  0.941999078      0.335615486       7.16597657E-04
  0.929776490      0.368124545       1.14655774E-03
  0.916432381      0.400189579       1.80508604E-03
  0.892507374      0.451032847       3.62854707E-03
  0.876306653      0.481753677       5.46742836E-03
  0.859048963      0.511893392       8.11398681E-03
  0.828940272      0.559337139       1.48503175E-02
  0.809017003      0.587785244       2.11032890E-02
  0.788117886      0.615524352       2.94921771E-02
  0.752300262      0.658820391       4.88860160E-02
  0.728968620      0.684547126       6.53076321E-02
  0.704757631      0.709448099       8.57068896E-02
  0.663796067      0.747913599      0.128040969    
  0.637423992      0.770513237      0.160185054    
  0.610283017      0.792183459      0.196653515    
  0.564823449      0.825211763      0.263080806    
  0.535826802      0.844327927      0.306871861    
  0.506183803      0.862425625      0.350774020    
  0.456943184      0.889495909      0.416772723    
  0.425779283      0.904827058      0.450829834    
  0.394101828      0.919066787      0.477058709    
  0.341856629      0.939752102      0.498279601    
  0.309017003      0.951056540      0.496418715    
  0.275804609      0.961213708      0.482735395    
  0.221378833      0.975187898      0.437452048    
  0.187381312      0.982287228      0.397792518    
  0.153157771      0.988201737      0.352017313    
   9.74097401E-02  0.995244384      0.271873057    
   6.27905205E-02  0.998026729      0.222829804    
   2.80955620E-02  0.999605238      0.176930144    
  -2.80955620E-02  0.999605238      0.113418527    
  -6.27905205E-02  0.998026729       8.21589157E-02
  -9.74097401E-02  0.995244384       5.72095104E-02
 -0.153157771      0.988201737       2.90791988E-02
 -0.187381312      0.982287228       1.79557241E-02
 -0.221378833      0.975187898       1.04854899E-02
 -0.275804609      0.961213708       3.81220994E-03
 -0.309017003      0.951056540       1.83149439E-03
 -0.341856629      0.939752102       7.91647122E-04
 -0.394101828      0.919066787       1.30228465E-04
 -0.425779283      0.904827058       2.67538599E-05
 -0.456943184      0.889495909      -1.53439328E-06
 -0.506183803      0.862425625      -2.32163461E-06
 -0.535826802      0.844327927       2.56915473E-06
 -0.564823449      0.825211763      -2.09394443E-07
 -0.610283017      0.792183459       4.19857224E-06
 -0.637423992      0.770513237      -6.80446533E-07
 -0.663796067      0.747913599      -1.46944501E-06
 -0.704757631      0.709448099       1.01095054E-06
 -0.728968620      0.684547126      -2.25326039E-06
 -0.752300262      0.658820391       1.16911838E-06
 -0.788117886      0.615524352      -1.33123001E-06
 -0.809017003      0.587785244      -1.02117815E-06
 -0.828940272      0.559337139       2.05778611E-06
 -0.859048963      0.511893392      -1.51298389E-06
 -0.876306653      0.481753677       2.85074350E-07
 -0.892507374      0.451032847       4.10769019E-07
 -0.916432381      0.400189579       3.20364801E-09
 -0.929776490      0.368124545       1.77644097E-06
 -0.941999078      0.335615486      -1.49427808E-06
 -0.959363103      0.282174528       1.09889186E-06
 -0.968583167      0.248689890       1.99725196E-06
 -0.976634920      0.214905262      -2.12858299E-06
 -0.987164080      0.159709439       1.62893002E-06
 -0.992114723      0.125333235      -6.27786790E-07
 -0.995868623       9.08058509E-02  -7.91188654E-07
 -0.999396861       3.47256102E-02   9.94068159E-07
  -1.00000000       1.22464685E-16  -2.99010117E-06
 -0.999396861      -3.47256102E-02   9.94068159E-07
 -0.995868623      -9.08058509E-02  -7.91188654E-07
 -0.992114723     -0.125333235      -6.27786790E-07
 -0.987164080     -0.159709439       1.62893002E-06
 -0.976634920     -0.214905262      -2.12858299E-06
 -0.968583167     -0.248689890       1.99725196E-06
 -0.959363103     -0.282174528       1.09889186E-06
 -0.941999078     -0.335615486      -1.49427808E-06
 -0.929776490     -0.368124545       1.77644097E-06
 -0.916432381     -0.400189579       3.20364690E-09
 -0.892507374     -0.451032847       4.10769019E-07
 -0.876306653     -0.481753677       2.85074350E-07
 -0.859048963     -0.511893392      -1.51298389E-06
 -0.828940272     -0.559337139       2.05778611E-06
 -0.809017003     -0.587785244      -1.02117815E-06
 -0.788117886     -0.615524352      -1.33123001E-06
 -0.752300262     -0.658820391       1.16911838E-06
 -0.728968620     -0.684547126      -2.25326039E-06
 -0.704757631     -0.709448099       1.01095054E-06
 -0.663796067     -0.747913599      -1.46944501E-06
 -0.637423992     -0.770513237      -6.80446533E-07
 -0.610283017     -0.792183459       4.19857224E-06
 -0.564823449     -0.825211763      -2.09394443E-07
 -0.535826802     -0.844327927       2.56915473E-06
 -0.506183803     -0.862425625      -2.32163461E-06
 -0.456943184     -0.889495909      -1.53439328E-06
 -0.425779283     -0.904827058       2.67538599E-05
 -0.394101828     -0.919066787       1.30228465E-04
 -0.341856629     -0.939752102       7.91647122E-04
 -0.309017003     -0.951056540       1.83149439E-03
 -0.275804609     -0.961213708       3.81220994E-03
 -0.221378833     -0.975187898       1.04854899E-02
 -0.187381312     -0.982287228       1.79557241E-02
 -0.153157771     -0.988201737       2.90791988E-02
  -9.74097401E-02 -0.995244384       5.72095104E-02
  -6.27905205E-02 -0.998026729       8.21589157E-02
  -2.80955620E-02 -0.999605238      0.113418527    
   2.80955620E-02 -0.999605238      0.176930144    
   6.27905205E-02 -0.998026729      0.222829804    
   9.74097401E-02 -0.995244384      0.271873057    
  0.153157771     -0.988201737      0.352017313    
  0.187381312     -0.982287228      0.397792518    
  0.221378833     -0.975187898      0.437452048    
  0.275804609     -0.961213708      0.482735395    
  0.309017003     -0.951056540      0.496418715    
  0.341856629     -0.939752102      0.498279601    
  0.394101828     -0.919066787      0.477058709    
  0.425779283     -0.904827058      0.450829834    
  0.456943184     -0.889495909      0.416772723    
  0.506183803     -0.862425625      0.350774020    
  0.535826802     -0.844327927      0.306871861    
  0.564823449     -0.825211763      0.263080806    
  0.610283017     -0.792183459      0.196653515    
  0.637423992     -0.770513237      0.160185054    
  0.663796067     -0.747913599      0.128040969    
  0.704757631     -0.709448099       8.57068896E-02
  0.728968620     -0.684547126       6.53076321E-02
  0.752300262     -0.658820391       4.88860160E-02
  0.788117886     -0.615524352       2.94921771E-02
  0.809017003     -0.587785244       2.11032890E-02
  0.828940272     -0.559337139       1.48503175E-02
  0.859048963     -0.511893392       8.11398681E-03
  0.876306653     -0.481753677       5.46742836E-03
  0.892507374     -0.451032847       3.62854707E-03
  0.916432381     -0.400189579       1.80508604E-03
  0.929776490     -0.368124545       1.14655774E-03
  0.941999078     -0.335615486       7.16597657E-04
  0.959363103     -0.282174528       3.29327653E-04
  0.968583167     -0.248689890       1.96322275E-04
  0.976634920     -0.214905262       1.13941816E-04
  0.987164080     -0.159709439       5.01464747E-05
  0.992114723     -0.125333235       2.85479764E-05
  0.995868623      -9.08058509E-02   1.47982073E-05
  0.999396861      -3.47256102E-02   7.56592408E-06
   1.00000000      -2.44929371E-16   8.30874069E-06
