   1.00000000       0.00000000      -8.30392537E-07
  0.999396861       3.47256102E-02   2.47235675E-06
  0.995868623       9.08058509E-02  -4.11987594E-06
  0.992114723      0.125333235      -2.75526622E-06
  0.987164080      0.159709439       2.40651184E-06
  0.976634920      0.214905262      -2.92303025E-06
  0.968583167      0.248689890       4.00824683E-06
  0.959363103      0.282174528       8.14869418E-06
  0.941999078      0.335615486       1.33951771E-05
  0.929776490      0.368124545       5.31245496E-06
  0.916432381      0.400189579      -2.05255201E-05
  0.892507374      0.451032847      -5.43419192E-05
  0.876306653      0.481753677      -6.96511561E-05
  0.859048963      0.511893392      -5.59989749E-05
  0.828940272      0.559337139       9.43290215E-05
  0.809017003      0.587785244       2.60063738E-04
  0.788117886      0.615524352       4.38541640E-04
  0.752300262      0.658820391       4.98328707E-04
  0.728968620      0.684547126       1.90534396E-04
  0.704757631      0.709448099      -5.16714645E-04
  0.663796067      0.747913599      -2.57462263E-03
  0.637423992      0.770513237      -4.10881825E-03
  0.610283017      0.792183459      -5.24499360E-03
  0.564823449      0.825211763      -4.02780017E-03
  0.535826802      0.844327927       4.99925518E-04
  0.506183803      0.862425625       9.52781923E-03
  0.456943184      0.889495909       3.69324647E-02
  0.425779283      0.904827058       6.32689893E-02
  0.394101828      0.919066787       9.71480981E-02
  0.341856629      0.939752102      0.166519970    
  0.309017003      0.951056540      0.216149822    
  0.275804609      0.961213708      0.268371582    
  0.221378833      0.975187898      0.351555020    
  0.187381312      0.982287228      0.397673666    
  0.153157771      0.988201737      0.436673284    
   9.74097401E-02  0.995244384      0.479699314    
   6.27905205E-02  0.998026729      0.492000699    
   2.80955620E-02  0.999605238      0.493005484    
  -2.80955620E-02  0.999605238      0.472242683    
  -6.27905205E-02  0.998026729      0.447619766    
  -9.74097401E-02  0.995244384      0.416044772    
 -0.153157771      0.988201737      0.355237037    
 -0.187381312      0.982287228      0.314754993    
 -0.221378833      0.975187898      0.274146378    
 -0.275804609      0.961213708      0.211679518    
 -0.309017003      0.951056540      0.176679865    
 -0.341856629      0.939752102      0.145218596    
 -0.394101828      0.919066787      0.102446258    
 -0.425779283      0.904827058       8.10059756E-02
 -0.456943184      0.889495909       6.31476641E-02
 -0.506183803      0.862425625       4.10112068E-02
 -0.535826802      0.844327927       3.08576431E-02
 -0.564823449      0.825211763       2.29051262E-02
 -0.610283017      0.792183459       1.37686078E-02
 -0.637423992      0.770513237       9.88941826E-03
 -0.663796067      0.747913599       7.01793563E-03
 -0.704757631      0.709448099       3.91935371E-03
 -0.728968620      0.684547126       2.69447546E-03
 -0.752300262      0.658820391       1.83282536E-03
 -0.788117886      0.615524352       9.53513663E-04
 -0.809017003      0.587785244       6.30646420E-04
 -0.828940272      0.559337139       4.11756366E-04
 -0.859048963      0.511893392       2.00300143E-04
 -0.876306653      0.481753677       1.23285936E-04
 -0.892507374      0.451032847       7.89520782E-05
 -0.916432381      0.400189579       3.99067467E-05
 -0.929776490      0.368124545       2.06829809E-05
 -0.941999078      0.335615486       1.00874840E-05
 -0.959363103      0.282174528       6.30427849E-06
 -0.968583167      0.248689890       8.62088564E-06
 -0.976634920      0.214905262       3.11657800E-06
 -0.987164080      0.159709439      -4.49381514E-06
 -0.992114723      0.125333235       1.15253351E-06
 -0.995868623       9.08058509E-02   5.45603007E-06
 -0.999396861       3.47256102E-02  -1.15172259E-06
  -1.00000000       1.22464685E-16  -5.51365929E-06
 -0.999396861      -3.47256102E-02  -1.15172259E-06
 -0.995868623      -9.08058509E-02   5.45603007E-06
 -0.992114723     -0.125333235       1.15253351E-06
 -0.987164080     -0.159709439      -4.49381514E-06
 -0.976634920     -0.214905262       3.11657800E-06
 -0.968583167     -0.248689890       8.62088564E-06
 -0.959363103     -0.282174528       6.30427849E-06
 -0.941999078     -0.335615486       1.00874840E-05
 -0.929776490     -0.368124545       2.06829809E-05
 -0.916432381     -0.400189579       3.99067467E-05
 -0.892507374     -0.451032847       7.89520782E-05
 -0.876306653     -0.481753677       1.23285936E-04
 -0.859048963     -0.511893392       2.00300143E-04
 -0.828940272     -0.559337139       4.11756366E-04
 -0.809017003     -0.587785244       6.30646420E-04
 -0.788117886     -0.615524352       9.53513663E-04
 -0.752300262     -0.658820391       1.83282536E-03
 -0.728968620     -0.684547126       2.69447546E-03
 -0.704757631     -0.709448099       3.91935371E-03
 -0.663796067     -0.747913599       7.01793563E-03
 -0.637423992     -0.770513237       9.88941826E-03
 -0.610283017     -0.792183459       1.37686078E-02
 -0.564823449     -0.825211763       2.29051262E-02
 -0.535826802     -0.844327927       3.08576431E-02
 -0.506183803     -0.862425625       4.10112068E-02
 -0.456943184     -0.889495909       6.31476641E-02
 -0.425779283     -0.904827058       8.10059756E-02
 -0.394101828     -0.919066787      0.102446258    
 -0.341856629     -0.939752102      0.145218596    
 -0.309017003     -0.951056540      0.176679865    
 -0.275804609     -0.961213708      0.211679518    
 -0.221378833     -0.975187898      0.274146378    
 -0.187381312     -0.982287228      0.314754993    
 -0.153157771     -0.988201737      0.355237037    
  -9.74097401E-02 -0.995244384      0.416044772    
  -6.27905205E-02 -0.998026729      0.447619766    
  -2.80955620E-02 -0.999605238      0.472242683    
   2.80955620E-02 -0.999605238      0.493005484    
   6.27905205E-02 -0.998026729      0.492000699    
   9.74097401E-02 -0.995244384      0.479699314    
  0.153157771     -0.988201737      0.436673284    
  0.187381312     -0.982287228      0.397673666    
  0.221378833     -0.975187898      0.351555020    
  0.275804609     -0.961213708      0.268371582    
  0.309017003     -0.951056540      0.216149822    
  0.341856629     -0.939752102      0.166519970    
  0.394101828     -0.919066787       9.71480981E-02
  0.425779283     -0.904827058       6.32689893E-02
  0.456943184     -0.889495909       3.69324647E-02
  0.506183803     -0.862425625       9.52781923E-03
  0.535826802     -0.844327927       4.99925518E-04
  0.564823449     -0.825211763      -4.02780017E-03
  0.610283017     -0.792183459      -5.24499360E-03
  0.637423992     -0.770513237      -4.10881825E-03
  0.663796067     -0.747913599      -2.57462263E-03
  0.704757631     -0.709448099      -5.16714645E-04
  0.728968620     -0.684547126       1.90534396E-04
  0.752300262     -0.658820391       4.98328707E-04
  0.788117886     -0.615524352       4.38541640E-04
  0.809017003     -0.587785244       2.60063738E-04
  0.828940272     -0.559337139       9.43290215E-05
  0.859048963     -0.511893392      -5.59989749E-05
  0.876306653     -0.481753677      -6.96511561E-05
  0.892507374     -0.451032847      -5.43419192E-05
  0.916432381     -0.400189579      -2.05255201E-05
  0.929776490     -0.368124545       5.31245496E-06
  0.941999078     -0.335615486       1.33951771E-05
  0.959363103     -0.282174528       8.14869418E-06
  0.968583167     -0.248689890       4.00824683E-06
  0.976634920     -0.214905262      -2.92303025E-06
  0.987164080     -0.159709439       2.40651184E-06
  0.992114723     -0.125333235      -2.75526622E-06
  0.995868623      -9.08058509E-02  -4.11987594E-06
  0.999396861      -3.47256102E-02   2.47235675E-06
   1.00000000      -2.44929371E-16  -8.30392537E-07
