   1.00000000       0.00000000       1.14984514E-05
  0.999396861       3.47256102E-02  -1.40343059E-06
  0.995868623       9.08058509E-02  -2.95415498E-06
  0.992114723      0.125333235       2.65309109E-06
  0.987164080      0.159709439       2.15023897E-06
  0.976634920      0.214905262       2.73759497E-07
  0.968583167      0.248689890      -9.54911411E-06
  0.959363103      0.282174528       1.91771414E-06
  0.941999078      0.335615486       2.91508536E-06
  0.929776490      0.368124545      -6.71999715E-06
  0.916432381      0.400189579      -7.99472105E-07
  0.892507374      0.451032847       1.04914716E-06
  0.876306653      0.481753677       4.35364382E-06
  0.859048963      0.511893392      -2.11597035E-06
  0.828940272      0.559337139      -1.05095046E-06
  0.809017003      0.587785244       6.81102983E-06
  0.788117886      0.615524352      -1.38709345E-06
  0.752300262      0.658820391      -2.55489255E-07
  0.728968620      0.684547126       8.55487656E-07
  0.704757631      0.709448099       9.24775293E-07
  0.663796067      0.747913599      -9.31171485E-07
  0.637423992      0.770513237      -3.18968546E-06
  0.610283017      0.792183459       8.45317800E-07
  0.564823449      0.825211763      -3.05929711E-06
  0.535826802      0.844327927      -2.20744084E-07
  0.506183803      0.862425625       6.87012925E-06
  0.456943184      0.889495909       1.03838393E-05
  0.425779283      0.904827058       5.88110788E-06
  0.394101828      0.919066787      -3.88695753E-06
  0.341856629      0.939752102      -3.64865809E-05
  0.309017003      0.951056540      -6.15044555E-05
  0.275804609      0.961213708      -6.54555624E-05
  0.221378833      0.975187898       2.32441434E-05
  0.187381312      0.982287228       1.51549131E-04
  0.153157771      0.988201737       3.13757773E-04
   9.74097401E-02  0.995244384       4.93376458E-04
   6.27905205E-02  0.998026729       3.76854208E-04
   2.80955620E-02  0.999605238      -7.38014933E-05
  -2.80955620E-02  0.999605238      -1.67489122E-03
  -6.27905205E-02  0.998026729      -3.09554720E-03
  -9.74097401E-02  0.995244384      -4.45348443E-03
 -0.153157771      0.988201737      -4.75534471E-03
 -0.187381312      0.982287228      -2.14464613E-03
 -0.221378833      0.975187898       4.14201617E-03
 -0.275804609      0.961213708       2.54902635E-02
 -0.309017003      0.951056540       4.74205427E-02
 -0.341856629      0.939752102       7.68138468E-02
 -0.394101828      0.919066787      0.139811635    
 -0.425779283      0.904827058      0.186752915    
 -0.456943184      0.889495909      0.237670779    
 -0.506183803      0.862425625      0.322213739    
 -0.535826802      0.844327927      0.371356159    
 -0.564823449      0.825211763      0.414836526    
 -0.610283017      0.792183459      0.467384189    
 -0.637423992      0.770513237      0.486302406    
 -0.663796067      0.747913599      0.493940830    
 -0.704757631      0.709448099      0.482891053    
 -0.728968620      0.684547126      0.463143051    
 -0.752300262      0.658820391      0.435351491    
 -0.788117886      0.615524352      0.378173053    
 -0.809017003      0.587785244      0.338456005    
 -0.828940272      0.559337139      0.297638208    
 -0.859048963      0.511893392      0.233263597    
 -0.876306653      0.481753677      0.196404383    
 -0.892507374      0.451032847      0.162790641    
 -0.916432381      0.400189579      0.116351865    
 -0.929776490      0.368124545       9.27278697E-02
 -0.941999078      0.335615486       7.28555173E-02
 -0.959363103      0.282174528       4.79207784E-02
 -0.968583167      0.248689890       3.63883078E-02
 -0.976634920      0.214905262       2.73298435E-02
 -0.987164080      0.159709439       1.69545356E-02
 -0.992114723      0.125333235       1.26665570E-02
 -0.995868623       9.08058509E-02   9.66608897E-03
 -0.999396861       3.47256102E-02   7.03942077E-03
  -1.00000000       1.22464685E-16   6.60726335E-03
 -0.999396861      -3.47256102E-02   7.03942077E-03
 -0.995868623      -9.08058509E-02   9.66608897E-03
 -0.992114723     -0.125333235       1.26665570E-02
 -0.987164080     -0.159709439       1.69545356E-02
 -0.976634920     -0.214905262       2.73298435E-02
 -0.968583167     -0.248689890       3.63883078E-02
 -0.959363103     -0.282174528       4.79207784E-02
 -0.941999078     -0.335615486       7.28555173E-02
 -0.929776490     -0.368124545       9.27278697E-02
 -0.916432381     -0.400189579      0.116351865    
 -0.892507374     -0.451032847      0.162790641    
 -0.876306653     -0.481753677      0.196404383    
 -0.859048963     -0.511893392      0.233263597    
 -0.828940272     -0.559337139      0.297638208    
 -0.809017003     -0.587785244      0.338456005    
 -0.788117886     -0.615524352      0.378173053    
 -0.752300262     -0.658820391      0.435351491    
 -0.728968620     -0.684547126      0.463143051    
 -0.704757631     -0.709448099      0.482891053    
 -0.663796067     -0.747913599      0.493940830    
 -0.637423992     -0.770513237      0.486302406    
 -0.610283017     -0.792183459      0.467384189    
 -0.564823449     -0.825211763      0.414836526    
 -0.535826802     -0.844327927      0.371356159    
 -0.506183803     -0.862425625      0.322213739    
 -0.456943184     -0.889495909      0.237670779    
 -0.425779283     -0.904827058      0.186752915    
 -0.394101828     -0.919066787      0.139811635    
 -0.341856629     -0.939752102       7.68138468E-02
 -0.309017003     -0.951056540       4.74205427E-02
 -0.275804609     -0.961213708       2.54902635E-02
 -0.221378833     -0.975187898       4.14201617E-03
 -0.187381312     -0.982287228      -2.14464613E-03
 -0.153157771     -0.988201737      -4.75534471E-03
  -9.74097401E-02 -0.995244384      -4.45348443E-03
  -6.27905205E-02 -0.998026729      -3.09554720E-03
  -2.80955620E-02 -0.999605238      -1.67489122E-03
   2.80955620E-02 -0.999605238      -7.38014933E-05
   6.27905205E-02 -0.998026729       3.76854208E-04
   9.74097401E-02 -0.995244384       4.93376458E-04
  0.153157771     -0.988201737       3.13757773E-04
  0.187381312     -0.982287228       1.51549131E-04
  0.221378833     -0.975187898       2.32441434E-05
  0.275804609     -0.961213708      -6.54555624E-05
  0.309017003     -0.951056540      -6.15044555E-05
  0.341856629     -0.939752102      -3.64865809E-05
  0.394101828     -0.919066787      -3.88695753E-06
  0.425779283     -0.904827058       5.88110788E-06
  0.456943184     -0.889495909       1.03838393E-05
  0.506183803     -0.862425625       6.87012925E-06
  0.535826802     -0.844327927      -2.20744084E-07
  0.564823449     -0.825211763      -3.05929711E-06
  0.610283017     -0.792183459       8.45317800E-07
  0.637423992     -0.770513237      -3.18968546E-06
  0.663796067     -0.747913599      -9.31171485E-07
  0.704757631     -0.709448099       9.24775293E-07
  0.728968620     -0.684547126       8.55487656E-07
  0.752300262     -0.658820391      -2.55489255E-07
  0.788117886     -0.615524352      -1.38709345E-06
  0.809017003     -0.587785244       6.81102983E-06
  0.828940272     -0.559337139      -1.05095046E-06
  0.859048963     -0.511893392      -2.11597035E-06
  0.876306653     -0.481753677       4.35364382E-06
  0.892507374     -0.451032847       1.04914716E-06
  0.916432381     -0.400189579      -7.99472105E-07
  0.929776490     -0.368124545      -6.71999715E-06
  0.941999078     -0.335615486       2.91508536E-06
  0.959363103     -0.282174528       1.91771414E-06
  0.968583167     -0.248689890      -9.54911411E-06
  0.976634920     -0.214905262       2.73759497E-07
  0.987164080     -0.159709439       2.15023897E-06
  0.992114723     -0.125333235       2.65309109E-06
  0.995868623      -9.08058509E-02  -2.95415498E-06
  0.999396861      -3.47256102E-02  -1.40343059E-06
   1.00000000      -2.44929371E-16   1.14984514E-05
