   1.00000000       0.00000000      -1.21546656E-19
  0.999396861       3.47256102E-02   8.61919613E-20
  0.995868623       9.08058509E-02  -1.83724013E-19
  0.992114723      0.125333235      -1.47490263E-18
  0.987164080      0.159709439       2.76323964E-18
  0.976634920      0.214905262      -7.01537502E-18
  0.968583167      0.248689890      -2.96777051E-17
  0.959363103      0.282174528       7.06131002E-17
  0.941999078      0.335615486      -1.91615039E-16
  0.929776490      0.368124545      -5.19432208E-16
  0.916432381      0.400189579       1.50889750E-15
  0.892507374      0.451032847      -3.96714064E-15
  0.876306653      0.481753677      -8.28725939E-15
  0.859048963      0.511893392       2.71913754E-14
  0.828940272      0.559337139      -5.84982637E-14
  0.809017003      0.587785244      -1.14551882E-13
  0.788117886      0.615524352       4.36242785E-13
  0.752300262      0.658820391      -3.09366194E-13
  0.728968620      0.684547126      -6.10895720E-13
  0.704757631      0.709448099       7.99447834E-12
  0.663796067      0.747913599       1.89642399E-11
  0.637423992      0.770513237       4.57298990E-11
  0.610283017      0.792183459       2.20464175E-10
  0.564823449      0.825211763       1.00127251E-09
  0.535826802      0.844327927       2.44369014E-09
  0.506183803      0.862425625       6.88475321E-09
  0.456943184      0.889495909       3.11016741E-08
  0.425779283      0.904827058       7.33529006E-08
  0.394101828      0.919066787       1.75427630E-07
  0.341856629      0.939752102       6.90313016E-07
  0.309017003      0.951056540       1.52334701E-06
  0.275804609      0.961213708       3.30272383E-06
  0.221378833      0.975187898       1.11517356E-05
  0.187381312      0.982287228       2.26892153E-05
  0.153157771      0.988201737       4.50622865E-05
   9.74097401E-02  0.995244384       1.30900415E-04
   6.27905205E-02  0.998026729       2.44184630E-04
   2.80955620E-02  0.999605238       4.44345525E-04
  -2.80955620E-02  0.999605238       1.11397216E-03
  -6.27905205E-02  0.998026729       1.90182670E-03
  -9.74097401E-02  0.995244384       3.16797406E-03
 -0.153157771      0.988201737       6.86769094E-03
 -0.187381312      0.982287228       1.07265003E-02
 -0.221378833      0.975187898       1.63483024E-02
 -0.275804609      0.961213708       3.06811780E-02
 -0.309017003      0.951056540       4.38448191E-02
 -0.341856629      0.939752102       6.11420944E-02
 -0.394101828      0.919066787       9.94080156E-02
 -0.425779283      0.904827058      0.130013436    
 -0.456943184      0.889495909      0.165935203    
 -0.506183803      0.862425625      0.233847141    
 -0.535826802      0.844327927      0.280002028    
 -0.564823449      0.825211763      0.327192158    
 -0.610283017      0.792183459      0.399867654    
 -0.637423992      0.770513237      0.438478857    
 -0.663796067      0.747913599      0.469291776    
 -0.704757631      0.709448099      0.497611016    
 -0.728968620      0.684547126      0.499874026    
 -0.752300262      0.658820391      0.490172267    
 -0.788117886      0.615524352      0.451187432    
 -0.809017003      0.587785244      0.415336907    
 -0.828940272      0.559337139      0.373255819    
 -0.859048963      0.511893392      0.298404336    
 -0.876306653      0.481753677      0.251808941    
 -0.892507374      0.451032847      0.207449645    
 -0.916432381      0.400189579      0.144116864    
 -0.929776490      0.368124545      0.111527070    
 -0.941999078      0.335615486       8.42526481E-02
 -0.959363103      0.282174528       5.08913323E-02
 -0.968583167      0.248689890       3.61395217E-02
 -0.976634920      0.214905262       2.50665676E-02
 -0.987164080      0.159709439       1.32508967E-02
 -0.992114723      0.125333235       8.74870270E-03
 -0.995868623       9.08058509E-02   5.79314400E-03
 -0.999396861       3.47256102E-02   3.35952570E-03
  -1.00000000       1.22464685E-16   2.96800327E-03
 -0.999396861      -3.47256102E-02   3.35952570E-03
 -0.995868623      -9.08058509E-02   5.79314400E-03
 -0.992114723     -0.125333235       8.74870270E-03
 -0.987164080     -0.159709439       1.32508967E-02
 -0.976634920     -0.214905262       2.50665676E-02
 -0.968583167     -0.248689890       3.61395217E-02
 -0.959363103     -0.282174528       5.08913323E-02
 -0.941999078     -0.335615486       8.42526481E-02
 -0.929776490     -0.368124545      0.111527070    
 -0.916432381     -0.400189579      0.144116864    
 -0.892507374     -0.451032847      0.207449645    
 -0.876306653     -0.481753677      0.251808941    
 -0.859048963     -0.511893392      0.298404336    
 -0.828940272     -0.559337139      0.373255819    
 -0.809017003     -0.587785244      0.415336907    
 -0.788117886     -0.615524352      0.451187432    
 -0.752300262     -0.658820391      0.490172267    
 -0.728968620     -0.684547126      0.499874026    
 -0.704757631     -0.709448099      0.497611016    
 -0.663796067     -0.747913599      0.469291776    
 -0.637423992     -0.770513237      0.438478857    
 -0.610283017     -0.792183459      0.399867654    
 -0.564823449     -0.825211763      0.327192158    
 -0.535826802     -0.844327927      0.280002028    
 -0.506183803     -0.862425625      0.233847141    
 -0.456943184     -0.889495909      0.165935203    
 -0.425779283     -0.904827058      0.130013436    
 -0.394101828     -0.919066787       9.94080156E-02
 -0.341856629     -0.939752102       6.11420944E-02
 -0.309017003     -0.951056540       4.38448191E-02
 -0.275804609     -0.961213708       3.06811780E-02
 -0.221378833     -0.975187898       1.63483024E-02
 -0.187381312     -0.982287228       1.07265003E-02
 -0.153157771     -0.988201737       6.86769094E-03
  -9.74097401E-02 -0.995244384       3.16797406E-03
  -6.27905205E-02 -0.998026729       1.90182670E-03
  -2.80955620E-02 -0.999605238       1.11397216E-03
   2.80955620E-02 -0.999605238       4.44345525E-04
   6.27905205E-02 -0.998026729       2.44184630E-04
   9.74097401E-02 -0.995244384       1.30900415E-04
  0.153157771     -0.988201737       4.50622865E-05
  0.187381312     -0.982287228       2.26892153E-05
  0.221378833     -0.975187898       1.11517356E-05
  0.275804609     -0.961213708       3.30272383E-06
  0.309017003     -0.951056540       1.52334701E-06
  0.341856629     -0.939752102       6.90313016E-07
  0.394101828     -0.919066787       1.75427630E-07
  0.425779283     -0.904827058       7.33529006E-08
  0.456943184     -0.889495909       3.11016741E-08
  0.506183803     -0.862425625       6.88475321E-09
  0.535826802     -0.844327927       2.44369014E-09
  0.564823449     -0.825211763       1.00127251E-09
  0.610283017     -0.792183459       2.20464175E-10
  0.637423992     -0.770513237       4.57298990E-11
  0.663796067     -0.747913599       1.89642399E-11
  0.704757631     -0.709448099       7.99447834E-12
  0.728968620     -0.684547126      -6.10895720E-13
  0.752300262     -0.658820391      -3.09366194E-13
  0.788117886     -0.615524352       4.36242785E-13
  0.809017003     -0.587785244      -1.14551882E-13
  0.828940272     -0.559337139      -5.84982637E-14
  0.859048963     -0.511893392       2.71913754E-14
  0.876306653     -0.481753677      -8.28725939E-15
  0.892507374     -0.451032847      -3.96714064E-15
  0.916432381     -0.400189579       1.50889750E-15
  0.929776490     -0.368124545      -5.19432208E-16
  0.941999078     -0.335615486      -1.91615039E-16
  0.959363103     -0.282174528       7.06131002E-17
  0.968583167     -0.248689890      -2.96777051E-17
  0.976634920     -0.214905262      -7.01537502E-18
  0.987164080     -0.159709439       2.76323964E-18
  0.992114723     -0.125333235      -1.47490263E-18
  0.995868623      -9.08058509E-02  -1.83724013E-19
  0.999396861      -3.47256102E-02   8.61919613E-20
   1.00000000      -2.44929371E-16  -1.21546656E-19
