   1.00000000       0.00000000       1.86735392E-03
  0.999396861       3.47256102E-02   1.62884803E-03
  0.995868623       9.08058509E-02   1.77360023E-04
  0.992114723      0.125333235      -1.45587570E-03
  0.987164080      0.159709439      -3.59986606E-03
  0.976634920      0.214905262      -7.31347501E-03
  0.968583167      0.248689890      -8.64812173E-03
  0.959363103      0.282174528      -7.94957019E-03
  0.941999078      0.335615486       9.78100230E-04
  0.929776490      0.368124545       1.36271520E-02
  0.916432381      0.400189579       3.32041122E-02
  0.892507374      0.451032847       8.11760351E-02
  0.876306653      0.481753677      0.120715976    
  0.859048963      0.511893392      0.166646421    
  0.828940272      0.559337139      0.249764755    
  0.809017003      0.587785244      0.302631766    
  0.788117886      0.615524352      0.353305131    
  0.752300262      0.658820391      0.423774481    
  0.728968620      0.684547126      0.456563741    
  0.704757631      0.709448099      0.479171306    
  0.663796067      0.747913599      0.492340982    
  0.637423992      0.770513237      0.486209482    
  0.610283017      0.792183459      0.470201820    
  0.564823449      0.825211763      0.427135438    
  0.535826802      0.844327927      0.392779380    
  0.506183803      0.862425625      0.354806662    
  0.456943184      0.889495909      0.290302634    
  0.425779283      0.904827058      0.251019061    
  0.394101828      0.919066787      0.213664159    
  0.341856629      0.939752102      0.159426585    
  0.309017003      0.951056540      0.130501434    
  0.275804609      0.961213708      0.105311334    
  0.221378833      0.975187898       7.23011792E-02
  0.187381312      0.982287228       5.63063249E-02
  0.153157771      0.988201737       4.32742648E-02
   9.74097401E-02  0.995244384       2.75167245E-02
   6.27905205E-02  0.998026729       2.04624366E-02
   2.80955620E-02  0.999605238       1.50357140E-02
  -2.80955620E-02  0.999605238       8.89813341E-03
  -6.27905205E-02  0.998026729       6.33317139E-03
  -9.74097401E-02  0.995244384       4.46658628E-03
 -0.153157771      0.988201737       2.46795942E-03
 -0.187381312      0.982287228       1.68672286E-03
 -0.221378833      0.975187898       1.14316808E-03
 -0.275804609      0.961213708       5.92235709E-04
 -0.309017003      0.951056540       3.94157221E-04
 -0.341856629      0.939752102       2.50089593E-04
 -0.394101828      0.919066787       1.26406740E-04
 -0.425779283      0.904827058       8.16348038E-05
 -0.456943184      0.889495909       4.49508225E-05
 -0.506183803      0.862425625       2.56084513E-05
 -0.535826802      0.844327927       1.11341405E-05
 -0.564823449      0.825211763       8.16441298E-06
 -0.610283017      0.792183459       3.81265340E-06
 -0.637423992      0.770513237       6.54957404E-08
 -0.663796067      0.747913599       2.53421240E-06
 -0.704757631      0.709448099      -1.45418551E-06
 -0.728968620      0.684547126       3.32848572E-06
 -0.752300262      0.658820391       1.83100553E-06
 -0.788117886      0.615524352      -3.44045407E-06
 -0.809017003      0.587785244       6.89829790E-07
 -0.828940272      0.559337139       3.47964897E-06
 -0.859048963      0.511893392      -1.57274212E-06
 -0.876306653      0.481753677      -4.01648776E-06
 -0.892507374      0.451032847       4.04878421E-07
 -0.916432381      0.400189579       3.31462934E-06
 -0.929776490      0.368124545      -9.93588401E-07
 -0.941999078      0.335615486      -4.40929898E-06
 -0.959363103      0.282174528       2.73819205E-06
 -0.968583167      0.248689890       3.60271838E-06
 -0.976634920      0.214905262      -9.46352088E-07
 -0.987164080      0.159709439      -2.52278278E-06
 -0.992114723      0.125333235       6.09719336E-07
 -0.995868623       9.08058509E-02   2.98782106E-06
 -0.999396861       3.47256102E-02  -8.98422741E-07
  -1.00000000       1.22464685E-16  -2.75828074E-06
 -0.999396861      -3.47256102E-02  -8.98422741E-07
 -0.995868623      -9.08058509E-02   2.98782106E-06
 -0.992114723     -0.125333235       6.09719336E-07
 -0.987164080     -0.159709439      -2.52278278E-06
 -0.976634920     -0.214905262      -9.46352088E-07
 -0.968583167     -0.248689890       3.60271838E-06
 -0.959363103     -0.282174528       2.73819205E-06
 -0.941999078     -0.335615486      -4.40929898E-06
 -0.929776490     -0.368124545      -9.93588401E-07
 -0.916432381     -0.400189579       3.31462934E-06
 -0.892507374     -0.451032847       4.04878421E-07
 -0.876306653     -0.481753677      -4.01648776E-06
 -0.859048963     -0.511893392      -1.57274212E-06
 -0.828940272     -0.559337139       3.47964897E-06
 -0.809017003     -0.587785244       6.89829790E-07
 -0.788117886     -0.615524352      -3.44045407E-06
 -0.752300262     -0.658820391       1.83100553E-06
 -0.728968620     -0.684547126       3.32848572E-06
 -0.704757631     -0.709448099      -1.45418551E-06
 -0.663796067     -0.747913599       2.53421240E-06
 -0.637423992     -0.770513237       6.54957475E-08
 -0.610283017     -0.792183459       3.81265340E-06
 -0.564823449     -0.825211763       8.16441298E-06
 -0.535826802     -0.844327927       1.11341405E-05
 -0.506183803     -0.862425625       2.56084513E-05
 -0.456943184     -0.889495909       4.49508225E-05
 -0.425779283     -0.904827058       8.16348038E-05
 -0.394101828     -0.919066787       1.26406740E-04
 -0.341856629     -0.939752102       2.50089593E-04
 -0.309017003     -0.951056540       3.94157221E-04
 -0.275804609     -0.961213708       5.92235709E-04
 -0.221378833     -0.975187898       1.14316808E-03
 -0.187381312     -0.982287228       1.68672286E-03
 -0.153157771     -0.988201737       2.46795942E-03
  -9.74097401E-02 -0.995244384       4.46658628E-03
  -6.27905205E-02 -0.998026729       6.33317139E-03
  -2.80955620E-02 -0.999605238       8.89813341E-03
   2.80955620E-02 -0.999605238       1.50357140E-02
   6.27905205E-02 -0.998026729       2.04624366E-02
   9.74097401E-02 -0.995244384       2.75167245E-02
  0.153157771     -0.988201737       4.32742648E-02
  0.187381312     -0.982287228       5.63063249E-02
  0.221378833     -0.975187898       7.23011792E-02
  0.275804609     -0.961213708      0.105311334    
  0.309017003     -0.951056540      0.130501434    
  0.341856629     -0.939752102      0.159426585    
  0.394101828     -0.919066787      0.213664159    
  0.425779283     -0.904827058      0.251019061    
  0.456943184     -0.889495909      0.290302634    
  0.506183803     -0.862425625      0.354806662    
  0.535826802     -0.844327927      0.392779380    
  0.564823449     -0.825211763      0.427135438    
  0.610283017     -0.792183459      0.470201820    
  0.637423992     -0.770513237      0.486209482    
  0.663796067     -0.747913599      0.492340982    
  0.704757631     -0.709448099      0.479171306    
  0.728968620     -0.684547126      0.456563741    
  0.752300262     -0.658820391      0.423774481    
  0.788117886     -0.615524352      0.353305131    
  0.809017003     -0.587785244      0.302631766    
  0.828940272     -0.559337139      0.249764755    
  0.859048963     -0.511893392      0.166646421    
  0.876306653     -0.481753677      0.120715976    
  0.892507374     -0.451032847       8.11760351E-02
  0.916432381     -0.400189579       3.32041122E-02
  0.929776490     -0.368124545       1.36271520E-02
  0.941999078     -0.335615486       9.78100230E-04
  0.959363103     -0.282174528      -7.94957019E-03
  0.968583167     -0.248689890      -8.64812173E-03
  0.976634920     -0.214905262      -7.31347501E-03
  0.987164080     -0.159709439      -3.59986606E-03
  0.992114723     -0.125333235      -1.45587570E-03
  0.995868623      -9.08058509E-02   1.77360023E-04
  0.999396861      -3.47256102E-02   1.62884803E-03
   1.00000000      -2.44929371E-16   1.86735392E-03
