   1.00000000       0.00000000      0.582657993    
  0.999396861       3.47256102E-02  0.582831264    
  0.995868623       9.08058509E-02  0.582779467    
  0.992114723      0.125333235      0.580802083    
  0.987164080      0.159709439      0.575570703    
  0.976634920      0.214905262      0.556484520    
  0.968583167      0.248689890      0.536388457    
  0.959363103      0.282174528      0.509421349    
  0.941999078      0.335615486      0.452244401    
  0.929776490      0.368124545      0.410275429    
  0.916432381      0.400189579      0.365131676    
  0.892507374      0.451032847      0.289956987    
  0.876306653      0.481753677      0.244948566    
  0.859048963      0.511893392      0.202810109    
  0.828940272      0.559337139      0.143208280    
  0.809017003      0.587785244      0.112516657    
  0.788117886      0.615524352       8.66754428E-02
  0.752300262      0.658820391       5.45390248E-02
  0.728968620      0.684547126       3.99451293E-02
  0.704757631      0.709448099       2.86966711E-02
  0.663796067      0.747913599       1.61572974E-02
  0.637423992      0.770513237       1.10616423E-02
  0.610283017      0.792183459       7.43134366E-03
  0.564823449      0.825211763       3.76392668E-03
  0.535826802      0.844327927       2.40644114E-03
  0.506183803      0.862425625       1.51638675E-03
  0.456943184      0.889495909       6.95770374E-04
  0.425779283      0.904827058       4.14539885E-04
  0.394101828      0.919066787       2.48177821E-04
  0.341856629      0.939752102       9.66457446E-05
  0.309017003      0.951056540       6.04155503E-05
  0.275804609      0.961213708       3.76033786E-05
  0.221378833      0.975187898       6.37493577E-06
  0.187381312      0.982287228       7.40057067E-06
  0.153157771      0.988201737       4.43503450E-06
   9.74097401E-02  0.995244384       3.85639851E-06
   6.27905205E-02  0.998026729      -1.51862253E-06
   2.80955620E-02  0.999605238      -4.26559154E-06
  -2.80955620E-02  0.999605238       5.08599032E-06
  -6.27905205E-02  0.998026729       2.74487292E-07
  -9.74097401E-02  0.995244384      -2.75094658E-06
 -0.153157771      0.988201737      -7.45456418E-07
 -0.187381312      0.982287228       3.21381162E-06
 -0.221378833      0.975187898       2.00923068E-06
 -0.275804609      0.961213708      -3.09824168E-06
 -0.309017003      0.951056540      -9.69277039E-07
 -0.341856629      0.939752102       2.23793654E-06
 -0.394101828      0.919066787       5.94408675E-07
 -0.425779283      0.904827058      -4.12261124E-06
 -0.456943184      0.889495909      -4.55542448E-07
 -0.506183803      0.862425625       1.65950200E-06
 -0.535826802      0.844327927       6.95764186E-07
 -0.564823449      0.825211763      -1.24760982E-06
 -0.610283017      0.792183459      -1.05253514E-06
 -0.637423992      0.770513237       3.19991523E-06
 -0.663796067      0.747913599       1.41366183E-06
 -0.704757631      0.709448099      -2.42684700E-06
 -0.728968620      0.684547126      -1.21817595E-06
 -0.752300262      0.658820391       2.15354999E-06
 -0.788117886      0.615524352       2.26778738E-07
 -0.809017003      0.587785244      -1.94216364E-06
 -0.828940272      0.559337139      -1.84275029E-06
 -0.859048963      0.511893392       3.69231930E-06
 -0.876306653      0.481753677       7.51404002E-07
 -0.892507374      0.451032847      -4.55084046E-06
 -0.916432381      0.400189579       2.73119008E-06
 -0.929776490      0.368124545       2.39534529E-06
 -0.941999078      0.335615486      -7.68893756E-07
 -0.959363103      0.282174528      -2.78533344E-06
 -0.968583167      0.248689890       2.10599592E-06
 -0.976634920      0.214905262       4.15429031E-06
 -0.987164080      0.159709439      -4.89522927E-06
 -0.992114723      0.125333235      -1.29969260E-06
 -0.995868623       9.08058509E-02   4.24041127E-06
 -0.999396861       3.47256102E-02  -7.86323938E-07
  -1.00000000       1.22464685E-16  -4.35390029E-06
 -0.999396861      -3.47256102E-02  -7.86323938E-07
 -0.995868623      -9.08058509E-02   4.24041127E-06
 -0.992114723     -0.125333235      -1.29969260E-06
 -0.987164080     -0.159709439      -4.89522927E-06
 -0.976634920     -0.214905262       4.15429031E-06
 -0.968583167     -0.248689890       2.10599592E-06
 -0.959363103     -0.282174528      -2.78533344E-06
 -0.941999078     -0.335615486      -7.68893756E-07
 -0.929776490     -0.368124545       2.39534529E-06
 -0.916432381     -0.400189579       2.73119008E-06
 -0.892507374     -0.451032847      -4.55084046E-06
 -0.876306653     -0.481753677       7.51404002E-07
 -0.859048963     -0.511893392       3.69231930E-06
 -0.828940272     -0.559337139      -1.84275029E-06
 -0.809017003     -0.587785244      -1.94216364E-06
 -0.788117886     -0.615524352       2.26778738E-07
 -0.752300262     -0.658820391       2.15354999E-06
 -0.728968620     -0.684547126      -1.21817595E-06
 -0.704757631     -0.709448099      -2.42684700E-06
 -0.663796067     -0.747913599       1.41366183E-06
 -0.637423992     -0.770513237       3.19991523E-06
 -0.610283017     -0.792183459      -1.05253514E-06
 -0.564823449     -0.825211763      -1.24760982E-06
 -0.535826802     -0.844327927       6.95764186E-07
 -0.506183803     -0.862425625       1.65950200E-06
 -0.456943184     -0.889495909      -4.55542448E-07
 -0.425779283     -0.904827058      -4.12261124E-06
 -0.394101828     -0.919066787       5.94408675E-07
 -0.341856629     -0.939752102       2.23793677E-06
 -0.309017003     -0.951056540      -9.69277039E-07
 -0.275804609     -0.961213708      -3.09824168E-06
 -0.221378833     -0.975187898       2.00923068E-06
 -0.187381312     -0.982287228       3.21381162E-06
 -0.153157771     -0.988201737      -7.45456418E-07
  -9.74097401E-02 -0.995244384      -2.75094658E-06
  -6.27905205E-02 -0.998026729       2.74487292E-07
  -2.80955620E-02 -0.999605238       5.08599032E-06
   2.80955620E-02 -0.999605238      -4.26559154E-06
   6.27905205E-02 -0.998026729      -1.51862253E-06
   9.74097401E-02 -0.995244384       3.85639851E-06
  0.153157771     -0.988201737       4.43503450E-06
  0.187381312     -0.982287228       7.40057067E-06
  0.221378833     -0.975187898       6.37493577E-06
  0.275804609     -0.961213708       3.76033786E-05
  0.309017003     -0.951056540       6.04155503E-05
  0.341856629     -0.939752102       9.66457446E-05
  0.394101828     -0.919066787       2.48177821E-04
  0.425779283     -0.904827058       4.14539885E-04
  0.456943184     -0.889495909       6.95770374E-04
  0.506183803     -0.862425625       1.51638675E-03
  0.535826802     -0.844327927       2.40644114E-03
  0.564823449     -0.825211763       3.76392668E-03
  0.610283017     -0.792183459       7.43134366E-03
  0.637423992     -0.770513237       1.10616423E-02
  0.663796067     -0.747913599       1.61572974E-02
  0.704757631     -0.709448099       2.86966711E-02
  0.728968620     -0.684547126       3.99451293E-02
  0.752300262     -0.658820391       5.45390248E-02
  0.788117886     -0.615524352       8.66754428E-02
  0.809017003     -0.587785244      0.112516657    
  0.828940272     -0.559337139      0.143208280    
  0.859048963     -0.511893392      0.202810109    
  0.876306653     -0.481753677      0.244948566    
  0.892507374     -0.451032847      0.289956987    
  0.916432381     -0.400189579      0.365131676    
  0.929776490     -0.368124545      0.410275429    
  0.941999078     -0.335615486      0.452244401    
  0.959363103     -0.282174528      0.509421349    
  0.968583167     -0.248689890      0.536388457    
  0.976634920     -0.214905262      0.556484520    
  0.987164080     -0.159709439      0.575570703    
  0.992114723     -0.125333235      0.580802083    
  0.995868623      -9.08058509E-02  0.582779467    
  0.999396861      -3.47256102E-02  0.582831264    
   1.00000000      -2.44929371E-16  0.582657993    
