   1.00000000       0.00000000      -3.20859158E-06
  0.999396861       3.47256102E-02  -3.10646715E-06
  0.995868623       9.08058509E-02   6.10481447E-06
  0.992114723      0.125333235      -1.73353976E-06
  0.987164080      0.159709439      -6.03556327E-06
  0.976634920      0.214905262       1.08493805E-05
  0.968583167      0.248689890       6.22505104E-06
  0.959363103      0.282174528      -2.43490808E-06
  0.941999078      0.335615486      -1.26049526E-05
  0.929776490      0.368124545      -1.54549853E-05
  0.916432381      0.400189579      -1.67300714E-05
  0.892507374      0.451032847       1.74665831E-06
  0.876306653      0.481753677       3.54267540E-05
  0.859048963      0.511893392       7.30695247E-05
  0.828940272      0.559337139       8.01503411E-05
  0.809017003      0.587785244       2.88608644E-05
  0.788117886      0.615524352      -7.22839759E-05
  0.752300262      0.658820391      -3.06495436E-04
  0.728968620      0.684547126      -4.00003482E-04
  0.704757631      0.709448099      -3.67431989E-04
  0.663796067      0.747913599       1.23732956E-04
  0.637423992      0.770513237       7.14217895E-04
  0.610283017      0.792183459       1.40196632E-03
  0.564823449      0.825211763       2.16394034E-03
  0.535826802      0.844327927       1.90825714E-03
  0.506183803      0.862425625       7.37186871E-04
  0.456943184      0.889495909      -3.44364857E-03
  0.425779283      0.904827058      -7.19378935E-03
  0.394101828      0.919066787      -1.11224977E-02
  0.341856629      0.939752102      -1.51303764E-02
  0.309017003      0.951056540      -1.38591342E-02
  0.275804609      0.961213708      -7.80896191E-03
  0.221378833      0.975187898       1.58093218E-02
  0.187381312      0.982287228       4.05844525E-02
  0.153157771      0.988201737       7.35087693E-02
   9.74097401E-02  0.995244384      0.142487213    
   6.27905205E-02  0.998026729      0.192471221    
   2.80955620E-02  0.999605238      0.245454550    
  -2.80955620E-02  0.999605238      0.330732852    
  -6.27905205E-02  0.998026729      0.378754377    
  -9.74097401E-02  0.995244384      0.420179576    
 -0.153157771      0.988201737      0.468263775    
 -0.187381312      0.982287228      0.484376281    
 -0.221378833      0.975187898      0.489608616    
 -0.275804609      0.961213708      0.476137847    
 -0.309017003      0.951056540      0.455973476    
 -0.341856629      0.939752102      0.428563267    
 -0.394101828      0.919066787      0.373408318    
 -0.425779283      0.904827058      0.335487425    
 -0.456943184      0.889495909      0.296619385    
 -0.506183803      0.862425625      0.235275045    
 -0.535826802      0.844327927      0.199987903    
 -0.564823449      0.825211763      0.167598963    
 -0.610283017      0.792183459      0.122330286    
 -0.637423992      0.770513237       9.89575982E-02
 -0.663796067      0.747913599       7.90314078E-02
 -0.704757631      0.709448099       5.34916483E-02
 -0.728968620      0.684547126       4.13624495E-02
 -0.752300262      0.658820391       3.16103809E-02
 -0.788117886      0.615524352       1.99533552E-02
 -0.809017003      0.587785244       1.47960689E-02
 -0.828940272      0.559337139       1.08538074E-02
 -0.859048963      0.511893392       6.42389851E-03
 -0.876306653      0.481753677       4.57761809E-03
 -0.892507374      0.451032847       3.22610768E-03
 -0.916432381      0.400189579       1.80132233E-03
 -0.929776490      0.368124545       1.23849651E-03
 -0.941999078      0.335615486       8.37346830E-04
 -0.959363103      0.282174528       4.39453899E-04
 -0.968583167      0.248689890       2.96338898E-04
 -0.976634920      0.214905262       1.94948923E-04
 -0.987164080      0.159709439       9.25494896E-05
 -0.992114723      0.125333235       6.14035744E-05
 -0.995868623       9.08058509E-02   4.53234061E-05
 -0.999396861       3.47256102E-02   2.48333199E-05
  -1.00000000       1.22464685E-16   1.75201058E-05
 -0.999396861      -3.47256102E-02   2.48333199E-05
 -0.995868623      -9.08058509E-02   4.53234061E-05
 -0.992114723     -0.125333235       6.14035744E-05
 -0.987164080     -0.159709439       9.25494896E-05
 -0.976634920     -0.214905262       1.94948923E-04
 -0.968583167     -0.248689890       2.96338898E-04
 -0.959363103     -0.282174528       4.39453899E-04
 -0.941999078     -0.335615486       8.37346830E-04
 -0.929776490     -0.368124545       1.23849651E-03
 -0.916432381     -0.400189579       1.80132233E-03
 -0.892507374     -0.451032847       3.22610768E-03
 -0.876306653     -0.481753677       4.57761809E-03
 -0.859048963     -0.511893392       6.42389851E-03
 -0.828940272     -0.559337139       1.08538074E-02
 -0.809017003     -0.587785244       1.47960689E-02
 -0.788117886     -0.615524352       1.99533552E-02
 -0.752300262     -0.658820391       3.16103809E-02
 -0.728968620     -0.684547126       4.13624495E-02
 -0.704757631     -0.709448099       5.34916483E-02
 -0.663796067     -0.747913599       7.90314078E-02
 -0.637423992     -0.770513237       9.89575982E-02
 -0.610283017     -0.792183459      0.122330286    
 -0.564823449     -0.825211763      0.167598963    
 -0.535826802     -0.844327927      0.199987903    
 -0.506183803     -0.862425625      0.235275045    
 -0.456943184     -0.889495909      0.296619385    
 -0.425779283     -0.904827058      0.335487425    
 -0.394101828     -0.919066787      0.373408318    
 -0.341856629     -0.939752102      0.428563267    
 -0.309017003     -0.951056540      0.455973476    
 -0.275804609     -0.961213708      0.476137847    
 -0.221378833     -0.975187898      0.489608616    
 -0.187381312     -0.982287228      0.484376281    
 -0.153157771     -0.988201737      0.468263775    
  -9.74097401E-02 -0.995244384      0.420179576    
  -6.27905205E-02 -0.998026729      0.378754377    
  -2.80955620E-02 -0.999605238      0.330732852    
   2.80955620E-02 -0.999605238      0.245454550    
   6.27905205E-02 -0.998026729      0.192471221    
   9.74097401E-02 -0.995244384      0.142487213    
  0.153157771     -0.988201737       7.35087693E-02
  0.187381312     -0.982287228       4.05844525E-02
  0.221378833     -0.975187898       1.58093218E-02
  0.275804609     -0.961213708      -7.80896191E-03
  0.309017003     -0.951056540      -1.38591342E-02
  0.341856629     -0.939752102      -1.51303764E-02
  0.394101828     -0.919066787      -1.11224977E-02
  0.425779283     -0.904827058      -7.19378935E-03
  0.456943184     -0.889495909      -3.44364857E-03
  0.506183803     -0.862425625       7.37186871E-04
  0.535826802     -0.844327927       1.90825714E-03
  0.564823449     -0.825211763       2.16394034E-03
  0.610283017     -0.792183459       1.40196632E-03
  0.637423992     -0.770513237       7.14217895E-04
  0.663796067     -0.747913599       1.23732956E-04
  0.704757631     -0.709448099      -3.67431989E-04
  0.728968620     -0.684547126      -4.00003482E-04
  0.752300262     -0.658820391      -3.06495436E-04
  0.788117886     -0.615524352      -7.22839759E-05
  0.809017003     -0.587785244       2.88608644E-05
  0.828940272     -0.559337139       8.01503411E-05
  0.859048963     -0.511893392       7.30695247E-05
  0.876306653     -0.481753677       3.54267540E-05
  0.892507374     -0.451032847       1.74665831E-06
  0.916432381     -0.400189579      -1.67300714E-05
  0.929776490     -0.368124545      -1.54549853E-05
  0.941999078     -0.335615486      -1.26049526E-05
  0.959363103     -0.282174528      -2.43490808E-06
  0.968583167     -0.248689890       6.22505104E-06
  0.976634920     -0.214905262       1.08493805E-05
  0.987164080     -0.159709439      -6.03556327E-06
  0.992114723     -0.125333235      -1.73353976E-06
  0.995868623      -9.08058509E-02   6.10481447E-06
  0.999396861      -3.47256102E-02  -3.10646715E-06
   1.00000000      -2.44929371E-16  -3.20859158E-06
