   1.00000000       0.00000000      0.704922378    
  0.999396861       3.47256102E-02  0.703131616    
  0.995868623       9.08058509E-02  0.691947460    
  0.992114723      0.125333235      0.678831041    
  0.987164080      0.159709439      0.659908354    
  0.976634920      0.214905262      0.614916086    
  0.968583167      0.248689890      0.577460647    
  0.959363103      0.282174528      0.532772839    
  0.941999078      0.335615486      0.447527200    
  0.929776490      0.368124545      0.389380485    
  0.916432381      0.400189579      0.329613656    
  0.892507374      0.451032847      0.235501900    
  0.876306653      0.481753677      0.182493553    
  0.859048963      0.511893392      0.135593593    
  0.828940272      0.559337139       7.52721727E-02
  0.809017003      0.587785244       4.80842590E-02
  0.788117886      0.615524352       2.81239208E-02
  0.752300262      0.658820391       8.64948891E-03
  0.728968620      0.684547126       2.58586812E-03
  0.704757631      0.709448099      -4.39580152E-04
  0.663796067      0.747913599      -1.59711321E-03
  0.637423992      0.770513237      -1.26649986E-03
  0.610283017      0.792183459      -7.52113818E-04
  0.564823449      0.825211763      -1.01075719E-04
  0.535826802      0.844327927       8.75846745E-05
  0.506183803      0.862425625       1.50891166E-04
  0.456943184      0.889495909       1.02608094E-04
  0.425779283      0.904827058       4.38956522E-05
  0.394101828      0.919066787       7.36114771E-06
  0.341856629      0.939752102      -1.02798913E-05
  0.309017003      0.951056540      -1.16609272E-05
  0.275804609      0.961213708      -9.66236894E-06
  0.221378833      0.975187898      -1.89971763E-06
  0.187381312      0.982287228       5.92480683E-06
  0.153157771      0.988201737       4.47102366E-06
   9.74097401E-02  0.995244384      -3.66825225E-06
   6.27905205E-02  0.998026729       1.30802664E-06
   2.80955620E-02  0.999605238       2.14206375E-06
  -2.80955620E-02  0.999605238      -6.45463103E-07
  -6.27905205E-02  0.998026729      -1.02257377E-06
  -9.74097401E-02  0.995244384      -1.06385937E-06
 -0.153157771      0.988201737       2.01580769E-06
 -0.187381312      0.982287228      -6.31605360E-07
 -0.221378833      0.975187898      -1.22663096E-06
 -0.275804609      0.961213708       6.99366524E-07
 -0.309017003      0.951056540      -9.93373305E-07
 -0.341856629      0.939752102       5.16499369E-07
 -0.394101828      0.919066787      -5.13384236E-07
 -0.425779283      0.904827058       1.47579513E-08
 -0.456943184      0.889495909       5.32370279E-07
 -0.506183803      0.862425625      -8.62301533E-07
 -0.535826802      0.844327927       9.02153261E-07
 -0.564823449      0.825211763       6.54692030E-07
 -0.610283017      0.792183459      -3.87592223E-07
 -0.637423992      0.770513237      -2.24875930E-06
 -0.663796067      0.747913599       6.08360438E-07
 -0.704757631      0.709448099       1.54898885E-06
 -0.728968620      0.684547126      -2.00214504E-06
 -0.752300262      0.658820391      -2.30462615E-06
 -0.788117886      0.615524352       2.78275706E-06
 -0.809017003      0.587785244       3.05890535E-06
 -0.828940272      0.559337139      -3.27915950E-06
 -0.859048963      0.511893392      -1.22271487E-07
 -0.876306653      0.481753677       3.34353763E-06
 -0.892507374      0.451032847       1.79497476E-06
 -0.916432381      0.400189579      -4.08915503E-06
 -0.929776490      0.368124545      -5.78201650E-07
 -0.941999078      0.335615486       4.36757318E-06
 -0.959363103      0.282174528      -2.06339246E-06
 -0.968583167      0.248689890      -1.89863579E-06
 -0.976634920      0.214905262      -2.28374347E-07
 -0.987164080      0.159709439       2.64588516E-06
 -0.992114723      0.125333235      -5.61453987E-07
 -0.995868623       9.08058509E-02  -2.72024386E-06
 -0.999396861       3.47256102E-02   1.24996416E-06
  -1.00000000       1.22464685E-16   3.77714542E-07
 -0.999396861      -3.47256102E-02   1.24996416E-06
 -0.995868623      -9.08058509E-02  -2.72024386E-06
 -0.992114723     -0.125333235      -5.61453987E-07
 -0.987164080     -0.159709439       2.64588516E-06
 -0.976634920     -0.214905262      -2.28374347E-07
 -0.968583167     -0.248689890      -1.89863579E-06
 -0.959363103     -0.282174528      -2.06339246E-06
 -0.941999078     -0.335615486       4.36757318E-06
 -0.929776490     -0.368124545      -5.78201650E-07
 -0.916432381     -0.400189579      -4.08915503E-06
 -0.892507374     -0.451032847       1.79497476E-06
 -0.876306653     -0.481753677       3.34353763E-06
 -0.859048963     -0.511893392      -1.22271487E-07
 -0.828940272     -0.559337139      -3.27915950E-06
 -0.809017003     -0.587785244       3.05890535E-06
 -0.788117886     -0.615524352       2.78275706E-06
 -0.752300262     -0.658820391      -2.30462615E-06
 -0.728968620     -0.684547126      -2.00214504E-06
 -0.704757631     -0.709448099       1.54898885E-06
 -0.663796067     -0.747913599       6.08360438E-07
 -0.637423992     -0.770513237      -2.24875930E-06
 -0.610283017     -0.792183459      -3.87592223E-07
 -0.564823449     -0.825211763       6.54692030E-07
 -0.535826802     -0.844327927       9.02153261E-07
 -0.506183803     -0.862425625      -8.62301533E-07
 -0.456943184     -0.889495909       5.32370279E-07
 -0.425779283     -0.904827058       1.47579504E-08
 -0.394101828     -0.919066787      -5.13384236E-07
 -0.341856629     -0.939752102       5.16499369E-07
 -0.309017003     -0.951056540      -9.93373305E-07
 -0.275804609     -0.961213708       6.99366524E-07
 -0.221378833     -0.975187898      -1.22663096E-06
 -0.187381312     -0.982287228      -6.31605360E-07
 -0.153157771     -0.988201737       2.01580769E-06
  -9.74097401E-02 -0.995244384      -1.06385937E-06
  -6.27905205E-02 -0.998026729      -1.02257377E-06
  -2.80955620E-02 -0.999605238      -6.45463103E-07
   2.80955620E-02 -0.999605238       2.14206375E-06
   6.27905205E-02 -0.998026729       1.30802664E-06
   9.74097401E-02 -0.995244384      -3.66825225E-06
  0.153157771     -0.988201737       4.47102366E-06
  0.187381312     -0.982287228       5.92480683E-06
  0.221378833     -0.975187898      -1.89971763E-06
  0.275804609     -0.961213708      -9.66236894E-06
  0.309017003     -0.951056540      -1.16609272E-05
  0.341856629     -0.939752102      -1.02798913E-05
  0.394101828     -0.919066787       7.36114771E-06
  0.425779283     -0.904827058       4.38956522E-05
  0.456943184     -0.889495909       1.02608094E-04
  0.506183803     -0.862425625       1.50891166E-04
  0.535826802     -0.844327927       8.75846745E-05
  0.564823449     -0.825211763      -1.01075719E-04
  0.610283017     -0.792183459      -7.52113818E-04
  0.637423992     -0.770513237      -1.26649986E-03
  0.663796067     -0.747913599      -1.59711321E-03
  0.704757631     -0.709448099      -4.39580152E-04
  0.728968620     -0.684547126       2.58586812E-03
  0.752300262     -0.658820391       8.64948891E-03
  0.788117886     -0.615524352       2.81239208E-02
  0.809017003     -0.587785244       4.80842590E-02
  0.828940272     -0.559337139       7.52721727E-02
  0.859048963     -0.511893392      0.135593593    
  0.876306653     -0.481753677      0.182493553    
  0.892507374     -0.451032847      0.235501900    
  0.916432381     -0.400189579      0.329613656    
  0.929776490     -0.368124545      0.389380485    
  0.941999078     -0.335615486      0.447527200    
  0.959363103     -0.282174528      0.532772839    
  0.968583167     -0.248689890      0.577460647    
  0.976634920     -0.214905262      0.614916086    
  0.987164080     -0.159709439      0.659908354    
  0.992114723     -0.125333235      0.678831041    
  0.995868623      -9.08058509E-02  0.691947460    
  0.999396861      -3.47256102E-02  0.703131616    
   1.00000000      -2.44929371E-16  0.704922378    
