   1.00000000       0.00000000       8.57421441E-08
  0.999396861       3.47256102E-02   7.43416081E-07
  0.995868623       9.08058509E-02  -1.84703094E-06
  0.992114723      0.125333235       4.50979059E-07
  0.987164080      0.159709439       2.10271332E-06
  0.976634920      0.214905262      -1.65075551E-06
  0.968583167      0.248689890      -6.11626717E-07
  0.959363103      0.282174528       4.16475046E-07
  0.941999078      0.335615486       1.59159720E-06
  0.929776490      0.368124545      -1.63023174E-06
  0.916432381      0.400189579      -2.26558973E-06
  0.892507374      0.451032847       2.57072156E-06
  0.876306653      0.481753677       1.15147486E-06
  0.859048963      0.511893392      -1.83843815E-06
  0.828940272      0.559337139      -8.53270024E-07
  0.809017003      0.587785244       3.10092219E-06
  0.788117886      0.615524352       1.92870107E-06
  0.752300262      0.658820391      -3.98528528E-06
  0.728968620      0.684547126       8.55697976E-07
  0.704757631      0.709448099       4.21383720E-06
  0.663796067      0.747913599      -2.15236150E-06
  0.637423992      0.770513237      -1.84949442E-06
  0.610283017      0.792183459       2.80765403E-06
  0.564823449      0.825211763       6.50586207E-06
  0.535826802      0.844327927       1.16552985E-06
  0.506183803      0.862425625       6.15404042E-06
  0.456943184      0.889495909       3.00473348E-05
  0.425779283      0.904827058       3.67132707E-05
  0.394101828      0.919066787       5.41533591E-05
  0.341856629      0.939752102       1.30700049E-04
  0.309017003      0.951056540       2.08226425E-04
  0.275804609      0.961213708       3.12545075E-04
  0.221378833      0.975187898       6.15854282E-04
  0.187381312      0.982287228       9.43849271E-04
  0.153157771      0.988201737       1.41066941E-03
   9.74097401E-02  0.995244384       2.61246995E-03
   6.27905205E-02  0.998026729       3.79146636E-03
   2.80955620E-02  0.999605238       5.44260908E-03
  -2.80955620E-02  0.999605238       9.49304458E-03
  -6.27905205E-02  0.998026729       1.31786149E-02
  -9.74097401E-02  0.995244384       1.80823226E-02
 -0.153157771      0.988201737       2.93947738E-02
 -0.187381312      0.982287228       3.90224010E-02
 -0.221378833      0.975187898       5.11346236E-02
 -0.275804609      0.961213708       7.70075023E-02
 -0.309017003      0.951056540       9.74197537E-02
 -0.341856629      0.939752102      0.121528365    
 -0.394101828      0.919066787      0.168560073    
 -0.425779283      0.904827058      0.202345178    
 -0.456943184      0.889495909      0.239199489    
 -0.506183803      0.862425625      0.303153008    
 -0.535826802      0.844327927      0.343435705    
 -0.564823449      0.825211763      0.382416040    
 -0.610283017      0.792183459      0.438055605    
 -0.637423992      0.770513237      0.464781493    
 -0.663796067      0.747913599      0.483408242    
 -0.704757631      0.709448099      0.492677420    
 -0.728968620      0.684547126      0.484054953    
 -0.752300262      0.658820391      0.464263052    
 -0.788117886      0.615524352      0.410558581    
 -0.809017003      0.587785244      0.366506666    
 -0.828940272      0.559337139      0.316923112    
 -0.859048963      0.511893392      0.231874630    
 -0.876306653      0.481753677      0.180758551    
 -0.892507374      0.451032847      0.133746564    
 -0.916432381      0.400189579       7.09327981E-02
 -0.929776490      0.368124545       4.18586098E-02
 -0.941999078      0.335615486       2.03857813E-02
 -0.959363103      0.282174528       7.81885246E-05
 -0.968583167      0.248689890      -5.42727904E-03
 -0.976634920      0.214905262      -7.22121820E-03
 -0.987164080      0.159709439      -5.57900453E-03
 -0.992114723      0.125333235      -3.43909324E-03
 -0.995868623       9.08058509E-02  -1.33036671E-03
 -0.999396861       3.47256102E-02   9.44200146E-04
  -1.00000000       1.22464685E-16   1.35326129E-03
 -0.999396861      -3.47256102E-02   9.44200146E-04
 -0.995868623      -9.08058509E-02  -1.33036671E-03
 -0.992114723     -0.125333235      -3.43909324E-03
 -0.987164080     -0.159709439      -5.57900453E-03
 -0.976634920     -0.214905262      -7.22121820E-03
 -0.968583167     -0.248689890      -5.42727904E-03
 -0.959363103     -0.282174528       7.81885246E-05
 -0.941999078     -0.335615486       2.03857813E-02
 -0.929776490     -0.368124545       4.18586098E-02
 -0.916432381     -0.400189579       7.09327981E-02
 -0.892507374     -0.451032847      0.133746564    
 -0.876306653     -0.481753677      0.180758551    
 -0.859048963     -0.511893392      0.231874630    
 -0.828940272     -0.559337139      0.316923112    
 -0.809017003     -0.587785244      0.366506666    
 -0.788117886     -0.615524352      0.410558581    
 -0.752300262     -0.658820391      0.464263052    
 -0.728968620     -0.684547126      0.484054953    
 -0.704757631     -0.709448099      0.492677420    
 -0.663796067     -0.747913599      0.483408242    
 -0.637423992     -0.770513237      0.464781493    
 -0.610283017     -0.792183459      0.438055605    
 -0.564823449     -0.825211763      0.382416040    
 -0.535826802     -0.844327927      0.343435705    
 -0.506183803     -0.862425625      0.303153008    
 -0.456943184     -0.889495909      0.239199489    
 -0.425779283     -0.904827058      0.202345178    
 -0.394101828     -0.919066787      0.168560073    
 -0.341856629     -0.939752102      0.121528365    
 -0.309017003     -0.951056540       9.74197537E-02
 -0.275804609     -0.961213708       7.70075023E-02
 -0.221378833     -0.975187898       5.11346236E-02
 -0.187381312     -0.982287228       3.90224010E-02
 -0.153157771     -0.988201737       2.93947738E-02
  -9.74097401E-02 -0.995244384       1.80823226E-02
  -6.27905205E-02 -0.998026729       1.31786149E-02
  -2.80955620E-02 -0.999605238       9.49304458E-03
   2.80955620E-02 -0.999605238       5.44260908E-03
   6.27905205E-02 -0.998026729       3.79146636E-03
   9.74097401E-02 -0.995244384       2.61246995E-03
  0.153157771     -0.988201737       1.41066941E-03
  0.187381312     -0.982287228       9.43849271E-04
  0.221378833     -0.975187898       6.15854282E-04
  0.275804609     -0.961213708       3.12545075E-04
  0.309017003     -0.951056540       2.08226425E-04
  0.341856629     -0.939752102       1.30700049E-04
  0.394101828     -0.919066787       5.41533591E-05
  0.425779283     -0.904827058       3.67132707E-05
  0.456943184     -0.889495909       3.00473348E-05
  0.506183803     -0.862425625       6.15404042E-06
  0.535826802     -0.844327927       1.16552985E-06
  0.564823449     -0.825211763       6.50586207E-06
  0.610283017     -0.792183459       2.80765403E-06
  0.637423992     -0.770513237      -1.84949442E-06
  0.663796067     -0.747913599      -2.15236150E-06
  0.704757631     -0.709448099       4.21383720E-06
  0.728968620     -0.684547126       8.55697976E-07
  0.752300262     -0.658820391      -3.98528528E-06
  0.788117886     -0.615524352       1.92870107E-06
  0.809017003     -0.587785244       3.10092219E-06
  0.828940272     -0.559337139      -8.53270024E-07
  0.859048963     -0.511893392      -1.83843815E-06
  0.876306653     -0.481753677       1.15147486E-06
  0.892507374     -0.451032847       2.57072156E-06
  0.916432381     -0.400189579      -2.26558973E-06
  0.929776490     -0.368124545      -1.63023174E-06
  0.941999078     -0.335615486       1.59159720E-06
  0.959363103     -0.282174528       4.16475046E-07
  0.968583167     -0.248689890      -6.11626717E-07
  0.976634920     -0.214905262      -1.65075551E-06
  0.987164080     -0.159709439       2.10271332E-06
  0.992114723     -0.125333235       4.50979059E-07
  0.995868623      -9.08058509E-02  -1.84703094E-06
  0.999396861      -3.47256102E-02   7.43416081E-07
   1.00000000      -2.44929371E-16   8.57421441E-08
