   1.00000000       0.00000000      -2.60744878E-06
  0.999396861       3.47256102E-02  -4.79288701E-07
  0.995868623       9.08058509E-02   2.36436472E-06
  0.992114723      0.125333235      -4.13307731E-07
  0.987164080      0.159709439      -2.30734918E-06
  0.976634920      0.214905262       8.87776991E-07
  0.968583167      0.248689890       2.08057645E-06
  0.959363103      0.282174528       1.28794952E-07
  0.941999078      0.335615486      -2.07773292E-06
  0.929776490      0.368124545       1.16627336E-06
  0.916432381      0.400189579       2.12006421E-06
  0.892507374      0.451032847      -1.85234717E-06
  0.876306653      0.481753677      -2.21052360E-07
  0.859048963      0.511893392       8.59192141E-07
  0.828940272      0.559337139       3.42341764E-07
  0.809017003      0.587785244      -1.51412394E-06
  0.788117886      0.615524352      -5.31213004E-07
  0.752300262      0.658820391       1.87263140E-06
  0.728968620      0.684547126      -2.83425516E-06
  0.704757631      0.709448099      -1.05139509E-06
  0.663796067      0.747913599       1.74397576E-06
  0.637423992      0.770513237       3.04802228E-07
  0.610283017      0.792183459      -1.40938414E-06
  0.564823449      0.825211763      -6.31094906E-07
  0.535826802      0.844327927       5.17755461E-06
  0.506183803      0.862425625      -6.12044175E-08
  0.456943184      0.889495909      -2.29246984E-06
  0.425779283      0.904827058       2.43621730E-06
  0.394101828      0.919066787       1.38623966E-06
  0.341856629      0.939752102       1.49891150E-06
  0.309017003      0.951056540      -3.45640979E-06
  0.275804609      0.961213708       1.94778704E-06
  0.221378833      0.975187898       9.41889266E-06
  0.187381312      0.982287228       7.28217174E-06
  0.153157771      0.988201737       1.86336856E-05
   9.74097401E-02  0.995244384       4.30873697E-05
   6.27905205E-02  0.998026729       7.72336134E-05
   2.80955620E-02  0.999605238       1.25615057E-04
  -2.80955620E-02  0.999605238       2.63354159E-04
  -6.27905205E-02  0.998026729       4.29672305E-04
  -9.74097401E-02  0.995244384       6.72579510E-04
 -0.153157771      0.988201737       1.35914783E-03
 -0.187381312      0.982287228       2.06369767E-03
 -0.221378833      0.975187898       3.09097604E-03
 -0.275804609      0.961213708       5.79371303E-03
 -0.309017003      0.951056540       8.37481674E-03
 -0.341856629      0.939752102       1.19466530E-02
 -0.394101828      0.919066787       2.05980614E-02
 -0.425779283      0.904827058       2.82975491E-02
 -0.456943184      0.889495909       3.83135676E-02
 -0.506183803      0.862425625       6.05700091E-02
 -0.535826802      0.844327927       7.87906721E-02
 -0.564823449      0.825211763      0.100887515    
 -0.610283017      0.792183459      0.145431831    
 -0.637423992      0.770513237      0.178402975    
 -0.663796067      0.747913599      0.215139151    
 -0.704757631      0.709448099      0.280653089    
 -0.728968620      0.684547126      0.323012084    
 -0.752300262      0.658820391      0.364870399    
 -0.788117886      0.615524352      0.426532179    
 -0.809017003      0.587785244      0.457514644    
 -0.828940272      0.559337139      0.480573773    
 -0.859048963      0.511893392      0.496802807    
 -0.876306653      0.481753677      0.492099613    
 -0.892507374      0.451032847      0.475813657    
 -0.916432381      0.400189579      0.426841438    
 -0.929776490      0.368124545      0.385179400    
 -0.941999078      0.335615486      0.337586671    
 -0.959363103      0.282174528      0.254927456    
 -0.968583167      0.248689890      0.204657838    
 -0.976634920      0.214905262      0.157887116    
 -0.987164080      0.159709439       9.40356627E-02
 -0.992114723      0.125333235       6.35424703E-02
 -0.995868623       9.08058509E-02   4.04806398E-02
 -0.999396861       3.47256102E-02   1.90396309E-02
  -1.00000000       1.22464685E-16   1.54075539E-02
 -0.999396861      -3.47256102E-02   1.90396309E-02
 -0.995868623      -9.08058509E-02   4.04806398E-02
 -0.992114723     -0.125333235       6.35424703E-02
 -0.987164080     -0.159709439       9.40356627E-02
 -0.976634920     -0.214905262      0.157887116    
 -0.968583167     -0.248689890      0.204657838    
 -0.959363103     -0.282174528      0.254927456    
 -0.941999078     -0.335615486      0.337586671    
 -0.929776490     -0.368124545      0.385179400    
 -0.916432381     -0.400189579      0.426841438    
 -0.892507374     -0.451032847      0.475813657    
 -0.876306653     -0.481753677      0.492099613    
 -0.859048963     -0.511893392      0.496802807    
 -0.828940272     -0.559337139      0.480573773    
 -0.809017003     -0.587785244      0.457514644    
 -0.788117886     -0.615524352      0.426532179    
 -0.752300262     -0.658820391      0.364870399    
 -0.728968620     -0.684547126      0.323012084    
 -0.704757631     -0.709448099      0.280653089    
 -0.663796067     -0.747913599      0.215139151    
 -0.637423992     -0.770513237      0.178402975    
 -0.610283017     -0.792183459      0.145431831    
 -0.564823449     -0.825211763      0.100887515    
 -0.535826802     -0.844327927       7.87906721E-02
 -0.506183803     -0.862425625       6.05700091E-02
 -0.456943184     -0.889495909       3.83135676E-02
 -0.425779283     -0.904827058       2.82975491E-02
 -0.394101828     -0.919066787       2.05980614E-02
 -0.341856629     -0.939752102       1.19466530E-02
 -0.309017003     -0.951056540       8.37481674E-03
 -0.275804609     -0.961213708       5.79371303E-03
 -0.221378833     -0.975187898       3.09097604E-03
 -0.187381312     -0.982287228       2.06369767E-03
 -0.153157771     -0.988201737       1.35914783E-03
  -9.74097401E-02 -0.995244384       6.72579510E-04
  -6.27905205E-02 -0.998026729       4.29672305E-04
  -2.80955620E-02 -0.999605238       2.63354159E-04
   2.80955620E-02 -0.999605238       1.25615057E-04
   6.27905205E-02 -0.998026729       7.72336134E-05
   9.74097401E-02 -0.995244384       4.30873697E-05
  0.153157771     -0.988201737       1.86336856E-05
  0.187381312     -0.982287228       7.28217174E-06
  0.221378833     -0.975187898       9.41889266E-06
  0.275804609     -0.961213708       1.94778704E-06
  0.309017003     -0.951056540      -3.45640979E-06
  0.341856629     -0.939752102       1.49891150E-06
  0.394101828     -0.919066787       1.38623966E-06
  0.425779283     -0.904827058       2.43621730E-06
  0.456943184     -0.889495909      -2.29246984E-06
  0.506183803     -0.862425625      -6.12044175E-08
  0.535826802     -0.844327927       5.17755461E-06
  0.564823449     -0.825211763      -6.31094906E-07
  0.610283017     -0.792183459      -1.40938414E-06
  0.637423992     -0.770513237       3.04802228E-07
  0.663796067     -0.747913599       1.74397576E-06
  0.704757631     -0.709448099      -1.05139509E-06
  0.728968620     -0.684547126      -2.83425516E-06
  0.752300262     -0.658820391       1.87263140E-06
  0.788117886     -0.615524352      -5.31213004E-07
  0.809017003     -0.587785244      -1.51412394E-06
  0.828940272     -0.559337139       3.42341764E-07
  0.859048963     -0.511893392       8.59192141E-07
  0.876306653     -0.481753677      -2.21052360E-07
  0.892507374     -0.451032847      -1.85234717E-06
  0.916432381     -0.400189579       2.12006421E-06
  0.929776490     -0.368124545       1.16627336E-06
  0.941999078     -0.335615486      -2.07773292E-06
  0.959363103     -0.282174528       1.28794952E-07
  0.968583167     -0.248689890       2.08057645E-06
  0.976634920     -0.214905262       8.87776991E-07
  0.987164080     -0.159709439      -2.30734918E-06
  0.992114723     -0.125333235      -4.13307731E-07
  0.995868623      -9.08058509E-02   2.36436472E-06
  0.999396861      -3.47256102E-02  -4.79288701E-07
   1.00000000      -2.44929371E-16  -2.60744878E-06
