   1.00000000       0.00000000       5.82629923E-07
  0.999396861       3.47256102E-02  -1.52685107E-06
  0.995868623       9.08058509E-02   3.33434195E-06
  0.992114723      0.125333235      -6.33861362E-07
  0.987164080      0.159709439      -3.80458141E-06
  0.976634920      0.214905262       3.13911005E-06
  0.968583167      0.248689890       1.53137833E-07
  0.959363103      0.282174528      -1.00844659E-06
  0.941999078      0.335615486      -1.31285856E-06
  0.929776490      0.368124545       2.28806675E-06
  0.916432381      0.400189579       1.63365996E-06
  0.892507374      0.451032847      -2.15615705E-06
  0.876306653      0.481753677      -8.97839016E-07
  0.859048963      0.511893392       1.85585122E-06
  0.828940272      0.559337139       2.16386944E-08
  0.809017003      0.587785244      -3.78900063E-06
  0.788117886      0.615524352       8.22941786E-07
  0.752300262      0.658820391      -1.58840621E-07
  0.728968620      0.684547126       1.14646105E-06
  0.704757631      0.709448099       3.31138381E-07
  0.663796067      0.747913599      -1.26945019E-06
  0.637423992      0.770513237       3.12061502E-06
  0.610283017      0.792183459      -1.05506103E-06
  0.564823449      0.825211763      -2.31552144E-06
  0.535826802      0.844327927      -3.22087726E-06
  0.506183803      0.862425625       1.25625593E-06
  0.456943184      0.889495909       1.76705817E-05
  0.425779283      0.904827058       2.36891865E-05
  0.394101828      0.919066787       2.52777681E-05
  0.341856629      0.939752102      -2.61287751E-05
  0.309017003      0.951056540      -1.20761331E-04
  0.275804609      0.961213708      -2.64203234E-04
  0.221378833      0.975187898      -4.07481130E-04
  0.187381312      0.982287228      -1.69891311E-04
  0.153157771      0.988201737       7.41799304E-04
   9.74097401E-02  0.995244384       5.17680775E-03
   6.27905205E-02  0.998026729       1.10677397E-02
   2.80955620E-02  0.999605238       2.06064973E-02
  -2.80955620E-02  0.999605238       4.64736037E-02
  -6.27905205E-02  0.998026729       7.03966543E-02
  -9.74097401E-02  0.995244384      0.101027131    
 -0.153157771      0.988201737      0.164438233    
 -0.187381312      0.982287228      0.210787758    
 -0.221378833      0.975187898      0.260578990    
 -0.275804609      0.961213708      0.342431664    
 -0.309017003      0.951056540      0.389479220    
 -0.341856629      0.939752102      0.430520833    
 -0.394101828      0.919066787      0.478289366    
 -0.425779283      0.904827058      0.493706197    
 -0.456943184      0.889495909      0.497465789    
 -0.506183803      0.862425625      0.479539901    
 -0.535826802      0.844327927      0.455393702    
 -0.564823449      0.825211763      0.423373938    
 -0.610283017      0.792183459      0.360260040    
 -0.637423992      0.770513237      0.317707390    
 -0.663796067      0.747913599      0.274849683    
 -0.704757631      0.709448099      0.209014848    
 -0.728968620      0.684547126      0.172358394    
 -0.752300262      0.658820391      0.139637813    
 -0.788117886      0.615524352       9.57925916E-02
 -0.809017003      0.587785244       7.42477626E-02
 -0.828940272      0.559337139       5.66148981E-02
 -0.859048963      0.511893392       3.52929235E-02
 -0.876306653      0.481753677       2.58148350E-02
 -0.892507374      0.451032847       1.86011828E-02
 -0.916432381      0.400189579       1.05955936E-02
 -0.929776490      0.368124545       7.33876461E-03
 -0.941999078      0.335615486       5.01365401E-03
 -0.959363103      0.282174528       2.62209517E-03
 -0.968583167      0.248689890       1.72252231E-03
 -0.976634920      0.214905262       1.11737894E-03
 -0.987164080      0.159709439       5.47145610E-04
 -0.992114723      0.125333235       3.45436478E-04
 -0.995868623       9.08058509E-02   2.17022243E-04
 -0.999396861       3.47256102E-02   1.25930776E-04
  -1.00000000       1.22464685E-16   1.14539085E-04
 -0.999396861      -3.47256102E-02   1.25930776E-04
 -0.995868623      -9.08058509E-02   2.17022243E-04
 -0.992114723     -0.125333235       3.45436478E-04
 -0.987164080     -0.159709439       5.47145610E-04
 -0.976634920     -0.214905262       1.11737894E-03
 -0.968583167     -0.248689890       1.72252231E-03
 -0.959363103     -0.282174528       2.62209517E-03
 -0.941999078     -0.335615486       5.01365401E-03
 -0.929776490     -0.368124545       7.33876461E-03
 -0.916432381     -0.400189579       1.05955936E-02
 -0.892507374     -0.451032847       1.86011828E-02
 -0.876306653     -0.481753677       2.58148350E-02
 -0.859048963     -0.511893392       3.52929235E-02
 -0.828940272     -0.559337139       5.66148981E-02
 -0.809017003     -0.587785244       7.42477626E-02
 -0.788117886     -0.615524352       9.57925916E-02
 -0.752300262     -0.658820391      0.139637813    
 -0.728968620     -0.684547126      0.172358394    
 -0.704757631     -0.709448099      0.209014848    
 -0.663796067     -0.747913599      0.274849683    
 -0.637423992     -0.770513237      0.317707390    
 -0.610283017     -0.792183459      0.360260040    
 -0.564823449     -0.825211763      0.423373938    
 -0.535826802     -0.844327927      0.455393702    
 -0.506183803     -0.862425625      0.479539901    
 -0.456943184     -0.889495909      0.497465789    
 -0.425779283     -0.904827058      0.493706197    
 -0.394101828     -0.919066787      0.478289366    
 -0.341856629     -0.939752102      0.430520833    
 -0.309017003     -0.951056540      0.389479220    
 -0.275804609     -0.961213708      0.342431664    
 -0.221378833     -0.975187898      0.260578990    
 -0.187381312     -0.982287228      0.210787758    
 -0.153157771     -0.988201737      0.164438233    
  -9.74097401E-02 -0.995244384      0.101027131    
  -6.27905205E-02 -0.998026729       7.03966543E-02
  -2.80955620E-02 -0.999605238       4.64736037E-02
   2.80955620E-02 -0.999605238       2.06064973E-02
   6.27905205E-02 -0.998026729       1.10677397E-02
   9.74097401E-02 -0.995244384       5.17680775E-03
  0.153157771     -0.988201737       7.41799304E-04
  0.187381312     -0.982287228      -1.69891311E-04
  0.221378833     -0.975187898      -4.07481130E-04
  0.275804609     -0.961213708      -2.64203234E-04
  0.309017003     -0.951056540      -1.20761331E-04
  0.341856629     -0.939752102      -2.61287751E-05
  0.394101828     -0.919066787       2.52777681E-05
  0.425779283     -0.904827058       2.36891865E-05
  0.456943184     -0.889495909       1.76705817E-05
  0.506183803     -0.862425625       1.25625593E-06
  0.535826802     -0.844327927      -3.22087726E-06
  0.564823449     -0.825211763      -2.31552144E-06
  0.610283017     -0.792183459      -1.05506103E-06
  0.637423992     -0.770513237       3.12061502E-06
  0.663796067     -0.747913599      -1.26945019E-06
  0.704757631     -0.709448099       3.31138381E-07
  0.728968620     -0.684547126       1.14646105E-06
  0.752300262     -0.658820391      -1.58840621E-07
  0.788117886     -0.615524352       8.22941786E-07
  0.809017003     -0.587785244      -3.78900063E-06
  0.828940272     -0.559337139       2.16386944E-08
  0.859048963     -0.511893392       1.85585122E-06
  0.876306653     -0.481753677      -8.97839016E-07
  0.892507374     -0.451032847      -2.15615705E-06
  0.916432381     -0.400189579       1.63365996E-06
  0.929776490     -0.368124545       2.28806675E-06
  0.941999078     -0.335615486      -1.31285856E-06
  0.959363103     -0.282174528      -1.00844659E-06
  0.968583167     -0.248689890       1.53137833E-07
  0.976634920     -0.214905262       3.13911005E-06
  0.987164080     -0.159709439      -3.80458141E-06
  0.992114723     -0.125333235      -6.33861362E-07
  0.995868623      -9.08058509E-02   3.33434195E-06
  0.999396861      -3.47256102E-02  -1.52685107E-06
   1.00000000      -2.44929371E-16   5.82629923E-07
