   1.00000000       0.00000000       3.79665437E-07
  0.999396861       3.47256102E-02   7.02163049E-07
  0.995868623       9.08058509E-02  -1.96977271E-06
  0.992114723      0.125333235       5.55470137E-07
  0.987164080      0.159709439       2.32144612E-06
  0.976634920      0.214905262      -1.97821510E-06
  0.968583167      0.248689890      -4.88168553E-07
  0.959363103      0.282174528       9.32769638E-07
  0.941999078      0.335615486       4.89090496E-07
  0.929776490      0.368124545      -1.13051590E-06
  0.916432381      0.400189579      -7.91943307E-07
  0.892507374      0.451032847       9.39439190E-07
  0.876306653      0.481753677       1.39266888E-06
  0.859048963      0.511893392      -1.14188003E-06
  0.828940272      0.559337139      -3.55646819E-07
  0.809017003      0.587785244       2.15123214E-06
  0.788117886      0.615524352       2.55645290E-07
  0.752300262      0.658820391      -3.01127926E-07
  0.728968620      0.684547126      -3.53043106E-06
  0.704757631      0.709448099       1.43222792E-06
  0.663796067      0.747913599       9.65407025E-07
  0.637423992      0.770513237      -4.47782304E-06
  0.610283017      0.792183459       1.38049828E-07
  0.564823449      0.825211763       5.34110427E-07
  0.535826802      0.844327927       4.12946929E-06
  0.506183803      0.862425625      -2.30532078E-06
  0.456943184      0.889495909      -9.85898055E-07
  0.425779283      0.904827058       7.51986590E-06
  0.394101828      0.919066787      -6.31539365E-07
  0.341856629      0.939752102      -1.76540289E-06
  0.309017003      0.951056540      -1.86598993E-06
  0.275804609      0.961213708       2.97693532E-06
  0.221378833      0.975187898      -5.04629689E-08
  0.187381312      0.982287228      -7.97678604E-06
  0.153157771      0.988201737       1.18318098E-06
   9.74097401E-02  0.995244384       3.39211078E-06
   6.27905205E-02  0.998026729      -2.82481778E-06
   2.80955620E-02  0.999605238      -4.20641754E-06
  -2.80955620E-02  0.999605238       3.97884378E-06
  -6.27905205E-02  0.998026729       5.87635077E-06
  -9.74097401E-02  0.995244384      -2.30344290E-06
 -0.153157771      0.988201737       7.38703250E-07
 -0.187381312      0.982287228       1.28502506E-05
 -0.221378833      0.975187898       2.30553596E-05
 -0.275804609      0.961213708       1.04410050E-04
 -0.309017003      0.951056540       2.76710314E-04
 -0.341856629      0.939752102       6.48700690E-04
 -0.394101828      0.919066787       2.12811539E-03
 -0.425779283      0.904827058       4.07722453E-03
 -0.456943184      0.889495909       7.38661457E-03
 -0.506183803      0.862425625       1.72747951E-02
 -0.535826802      0.844327927       2.74779238E-02
 -0.564823449      0.825211763       4.18972448E-02
 -0.610283017      0.792183459       7.62937367E-02
 -0.637423992      0.770513237      0.105354346    
 -0.663796067      0.747913599      0.140566975    
 -0.704757631      0.709448099      0.209254831    
 -0.728968620      0.684547126      0.256992906    
 -0.752300262      0.658820391      0.306451976    
 -0.788117886      0.615524352      0.383779347    
 -0.809017003      0.587785244      0.425583720    
 -0.828940272      0.559337139      0.459730119    
 -0.859048963      0.511893392      0.493659616    
 -0.876306653      0.481753677      0.499533921    
 -0.892507374      0.451032847      0.493587971    
 -0.916432381      0.400189579      0.461009920    
 -0.929776490      0.368124545      0.429251701    
 -0.941999078      0.335615486      0.391187906    
 -0.959363103      0.282174528      0.322392702    
 -0.968583167      0.248689890      0.279184610    
 -0.976634920      0.214905262      0.237963796    
 -0.987164080      0.159709439      0.179686755    
 -0.992114723      0.125333235      0.150800362    
 -0.995868623       9.08058509E-02  0.128362209    
 -0.999396861       3.47256102E-02  0.106917344    
  -1.00000000       1.22464685E-16  0.103218675    
 -0.999396861      -3.47256102E-02  0.106917344    
 -0.995868623      -9.08058509E-02  0.128362209    
 -0.992114723     -0.125333235      0.150800362    
 -0.987164080     -0.159709439      0.179686755    
 -0.976634920     -0.214905262      0.237963796    
 -0.968583167     -0.248689890      0.279184610    
 -0.959363103     -0.282174528      0.322392702    
 -0.941999078     -0.335615486      0.391187906    
 -0.929776490     -0.368124545      0.429251701    
 -0.916432381     -0.400189579      0.461009920    
 -0.892507374     -0.451032847      0.493587971    
 -0.876306653     -0.481753677      0.499533921    
 -0.859048963     -0.511893392      0.493659616    
 -0.828940272     -0.559337139      0.459730119    
 -0.809017003     -0.587785244      0.425583720    
 -0.788117886     -0.615524352      0.383779347    
 -0.752300262     -0.658820391      0.306451976    
 -0.728968620     -0.684547126      0.256992906    
 -0.704757631     -0.709448099      0.209254831    
 -0.663796067     -0.747913599      0.140566975    
 -0.637423992     -0.770513237      0.105354346    
 -0.610283017     -0.792183459       7.62937367E-02
 -0.564823449     -0.825211763       4.18972448E-02
 -0.535826802     -0.844327927       2.74779238E-02
 -0.506183803     -0.862425625       1.72747951E-02
 -0.456943184     -0.889495909       7.38661457E-03
 -0.425779283     -0.904827058       4.07722453E-03
 -0.394101828     -0.919066787       2.12811539E-03
 -0.341856629     -0.939752102       6.48700690E-04
 -0.309017003     -0.951056540       2.76710314E-04
 -0.275804609     -0.961213708       1.04410050E-04
 -0.221378833     -0.975187898       2.30553596E-05
 -0.187381312     -0.982287228       1.28502506E-05
 -0.153157771     -0.988201737       7.38703250E-07
  -9.74097401E-02 -0.995244384      -2.30344290E-06
  -6.27905205E-02 -0.998026729       5.87635077E-06
  -2.80955620E-02 -0.999605238       3.97884378E-06
   2.80955620E-02 -0.999605238      -4.20641754E-06
   6.27905205E-02 -0.998026729      -2.82481778E-06
   9.74097401E-02 -0.995244384       3.39211078E-06
  0.153157771     -0.988201737       1.18318098E-06
  0.187381312     -0.982287228      -7.97678604E-06
  0.221378833     -0.975187898      -5.04629689E-08
  0.275804609     -0.961213708       2.97693532E-06
  0.309017003     -0.951056540      -1.86598993E-06
  0.341856629     -0.939752102      -1.76540289E-06
  0.394101828     -0.919066787      -6.31539365E-07
  0.425779283     -0.904827058       7.51986590E-06
  0.456943184     -0.889495909      -9.85898055E-07
  0.506183803     -0.862425625      -2.30532078E-06
  0.535826802     -0.844327927       4.12946929E-06
  0.564823449     -0.825211763       5.34110427E-07
  0.610283017     -0.792183459       1.38049828E-07
  0.637423992     -0.770513237      -4.47782304E-06
  0.663796067     -0.747913599       9.65407025E-07
  0.704757631     -0.709448099       1.43222792E-06
  0.728968620     -0.684547126      -3.53043106E-06
  0.752300262     -0.658820391      -3.01127926E-07
  0.788117886     -0.615524352       2.55645290E-07
  0.809017003     -0.587785244       2.15123214E-06
  0.828940272     -0.559337139      -3.55646819E-07
  0.859048963     -0.511893392      -1.14188003E-06
  0.876306653     -0.481753677       1.39266888E-06
  0.892507374     -0.451032847       9.39439190E-07
  0.916432381     -0.400189579      -7.91943307E-07
  0.929776490     -0.368124545      -1.13051590E-06
  0.941999078     -0.335615486       4.89090496E-07
  0.959363103     -0.282174528       9.32769638E-07
  0.968583167     -0.248689890      -4.88168553E-07
  0.976634920     -0.214905262      -1.97821510E-06
  0.987164080     -0.159709439       2.32144612E-06
  0.992114723     -0.125333235       5.55470137E-07
  0.995868623      -9.08058509E-02  -1.96977271E-06
  0.999396861      -3.47256102E-02   7.02163049E-07
   1.00000000      -2.44929371E-16   3.79665437E-07
