   1.00000000       0.00000000       7.48209175E-08
  0.999396861       3.47256102E-02   5.72001788E-08
  0.995868623       9.08058509E-02  -1.35309648E-07
  0.992114723      0.125333235      -4.88236793E-08
  0.987164080      0.159709439       6.52403571E-08
  0.976634920      0.214905262       2.52075807E-07
  0.968583167      0.248689890      -4.27722085E-07
  0.959363103      0.282174528      -4.52052802E-07
  0.941999078      0.335615486       8.63907928E-07
  0.929776490      0.368124545      -9.62947482E-08
  0.916432381      0.400189579      -9.87933277E-07
  0.892507374      0.451032847       7.35233755E-07
  0.876306653      0.481753677       6.73475199E-07
  0.859048963      0.511893392      -4.30261963E-07
  0.828940272      0.559337139      -6.65020650E-07
  0.809017003      0.587785244       1.02922183E-06
  0.788117886      0.615524352       1.24925509E-06
  0.752300262      0.658820391      -2.18576520E-06
  0.728968620      0.684547126       3.55691498E-07
  0.704757631      0.709448099       2.26832412E-06
  0.663796067      0.747913599      -1.62805861E-06
  0.637423992      0.770513237      -1.69112593E-06
  0.610283017      0.792183459       1.12580346E-06
  0.564823449      0.825211763       1.10817689E-06
  0.535826802      0.844327927      -2.24305586E-06
  0.506183803      0.862425625      -1.97842360E-06
  0.456943184      0.889495909       3.59130513E-06
  0.425779283      0.904827058      -2.65998978E-07
  0.394101828      0.919066787      -3.81118275E-06
  0.341856629      0.939752102       2.56100088E-06
  0.309017003      0.951056540       2.89358036E-06
  0.275804609      0.961213708      -1.72205023E-06
  0.221378833      0.975187898      -1.82687756E-06
  0.187381312      0.982287228       3.82135204E-06
  0.153157771      0.988201737       2.72968396E-06
   9.74097401E-02  0.995244384      -4.21760706E-06
   6.27905205E-02  0.998026729      -4.21248728E-07
   2.80955620E-02  0.999605238       6.60135674E-06
  -2.80955620E-02  0.999605238       4.88704563E-06
  -6.27905205E-02  0.998026729       1.14094573E-05
  -9.74097401E-02  0.995244384       4.09917848E-05
 -0.153157771      0.988201737       1.45612445E-04
 -0.187381312      0.982287228       2.99053965E-04
 -0.221378833      0.975187898       6.03590335E-04
 -0.275804609      0.961213708       1.74127251E-03
 -0.309017003      0.951056540       3.15561891E-03
 -0.341856629      0.939752102       5.49020199E-03
 -0.394101828      0.919066787       1.24795595E-02
 -0.425779283      0.904827058       1.97682325E-02
 -0.456943184      0.889495909       3.02290749E-02
 -0.506183803      0.862425625       5.59998006E-02
 -0.535826802      0.844327927       7.86128640E-02
 -0.564823449      0.825211763      0.106987633    
 -0.610283017      0.792183459      0.165246099    
 -0.637423992      0.770513237      0.208094746    
 -0.663796067      0.747913599      0.254765660    
 -0.704757631      0.709448099      0.333438247    
 -0.728968620      0.684547126      0.380164295    
 -0.752300262      0.658820391      0.422242075    
 -0.788117886      0.615524352      0.474076688    
 -0.809017003      0.587785244      0.492835909    
 -0.828940272      0.559337139      0.499931425    
 -0.859048963      0.511893392      0.486288816    
 -0.876306653      0.481753677      0.463567525    
 -0.892507374      0.451032847      0.431833148    
 -0.916432381      0.400189579      0.366977692    
 -0.929776490      0.368124545      0.322382927    
 -0.941999078      0.335615486      0.277144194    
 -0.959363103      0.282174528      0.207550496    
 -0.968583167      0.248689890      0.169115826    
 -0.976634920      0.214905262      0.135339230    
 -0.987164080      0.159709439       9.17137340E-02
 -0.992114723      0.125333235       7.16959834E-02
 -0.995868623       9.08058509E-02   5.68394512E-02
 -0.999396861       3.47256102E-02   4.31975126E-02
  -1.00000000       1.22464685E-16   4.08942401E-02
 -0.999396861      -3.47256102E-02   4.31975126E-02
 -0.995868623      -9.08058509E-02   5.68394512E-02
 -0.992114723     -0.125333235       7.16959834E-02
 -0.987164080     -0.159709439       9.17137340E-02
 -0.976634920     -0.214905262      0.135339230    
 -0.968583167     -0.248689890      0.169115826    
 -0.959363103     -0.282174528      0.207550496    
 -0.941999078     -0.335615486      0.277144194    
 -0.929776490     -0.368124545      0.322382927    
 -0.916432381     -0.400189579      0.366977692    
 -0.892507374     -0.451032847      0.431833148    
 -0.876306653     -0.481753677      0.463567525    
 -0.859048963     -0.511893392      0.486288816    
 -0.828940272     -0.559337139      0.499931425    
 -0.809017003     -0.587785244      0.492835909    
 -0.788117886     -0.615524352      0.474076688    
 -0.752300262     -0.658820391      0.422242075    
 -0.728968620     -0.684547126      0.380164295    
 -0.704757631     -0.709448099      0.333438247    
 -0.663796067     -0.747913599      0.254765660    
 -0.637423992     -0.770513237      0.208094746    
 -0.610283017     -0.792183459      0.165246099    
 -0.564823449     -0.825211763      0.106987633    
 -0.535826802     -0.844327927       7.86128640E-02
 -0.506183803     -0.862425625       5.59998006E-02
 -0.456943184     -0.889495909       3.02290749E-02
 -0.425779283     -0.904827058       1.97682325E-02
 -0.394101828     -0.919066787       1.24795595E-02
 -0.341856629     -0.939752102       5.49020199E-03
 -0.309017003     -0.951056540       3.15561891E-03
 -0.275804609     -0.961213708       1.74127251E-03
 -0.221378833     -0.975187898       6.03590335E-04
 -0.187381312     -0.982287228       2.99053965E-04
 -0.153157771     -0.988201737       1.45612445E-04
  -9.74097401E-02 -0.995244384       4.09917848E-05
  -6.27905205E-02 -0.998026729       1.14094573E-05
  -2.80955620E-02 -0.999605238       4.88704563E-06
   2.80955620E-02 -0.999605238       6.60135674E-06
   6.27905205E-02 -0.998026729      -4.21248728E-07
   9.74097401E-02 -0.995244384      -4.21760706E-06
  0.153157771     -0.988201737       2.72968396E-06
  0.187381312     -0.982287228       3.82135204E-06
  0.221378833     -0.975187898      -1.82687756E-06
  0.275804609     -0.961213708      -1.72205023E-06
  0.309017003     -0.951056540       2.89358036E-06
  0.341856629     -0.939752102       2.56100088E-06
  0.394101828     -0.919066787      -3.81118275E-06
  0.425779283     -0.904827058      -2.65998978E-07
  0.456943184     -0.889495909       3.59130513E-06
  0.506183803     -0.862425625      -1.97842360E-06
  0.535826802     -0.844327927      -2.24305586E-06
  0.564823449     -0.825211763       1.10817689E-06
  0.610283017     -0.792183459       1.12580346E-06
  0.637423992     -0.770513237      -1.69112593E-06
  0.663796067     -0.747913599      -1.62805861E-06
  0.704757631     -0.709448099       2.26832412E-06
  0.728968620     -0.684547126       3.55691498E-07
  0.752300262     -0.658820391      -2.18576520E-06
  0.788117886     -0.615524352       1.24925509E-06
  0.809017003     -0.587785244       1.02922183E-06
  0.828940272     -0.559337139      -6.65020650E-07
  0.859048963     -0.511893392      -4.30261963E-07
  0.876306653     -0.481753677       6.73475199E-07
  0.892507374     -0.451032847       7.35233755E-07
  0.916432381     -0.400189579      -9.87933277E-07
  0.929776490     -0.368124545      -9.62947482E-08
  0.941999078     -0.335615486       8.63907928E-07
  0.959363103     -0.282174528      -4.52052802E-07
  0.968583167     -0.248689890      -4.27722085E-07
  0.976634920     -0.214905262       2.52075807E-07
  0.987164080     -0.159709439       6.52403571E-08
  0.992114723     -0.125333235      -4.88236793E-08
  0.995868623      -9.08058509E-02  -1.35309648E-07
  0.999396861      -3.47256102E-02   5.72001788E-08
   1.00000000      -2.44929371E-16   7.48209175E-08
