   1.00000000       0.00000000      -7.86044620E-06
  0.999396861       3.47256102E-02   8.17509772E-07
  0.995868623       9.08058509E-02   1.77752634E-06
  0.992114723      0.125333235      -1.11575366E-06
  0.987164080      0.159709439       9.05276849E-08
  0.976634920      0.214905262      -3.89707338E-06
  0.968583167      0.248689890       7.21700417E-06
  0.959363103      0.282174528       3.61100706E-06
  0.941999078      0.335615486      -6.47317074E-06
  0.929776490      0.368124545       3.19193373E-06
  0.916432381      0.400189579       2.81015855E-06
  0.892507374      0.451032847       1.40256066E-06
  0.876306653      0.481753677      -5.15686861E-06
  0.859048963      0.511893392      -3.74907222E-06
  0.828940272      0.559337139       7.52100004E-06
  0.809017003      0.587785244      -4.37451445E-06
  0.788117886      0.615524352      -4.34249432E-06
  0.752300262      0.658820391       1.83951158E-06
  0.728968620      0.684547126       1.35829771E-06
  0.704757631      0.709448099       1.61427590E-06
  0.663796067      0.747913599      -4.62827893E-06
  0.637423992      0.770513237       4.04698676E-06
  0.610283017      0.792183459       2.51359370E-06
  0.564823449      0.825211763      -1.67988242E-06
  0.535826802      0.844327927       1.46398145E-06
  0.506183803      0.862425625      -1.54656288E-06
  0.456943184      0.889495909       2.64174491E-06
  0.425779283      0.904827058      -2.01525791E-06
  0.394101828      0.919066787      -1.13395163E-06
  0.341856629      0.939752102       5.85214650E-07
  0.309017003      0.951056540      -1.11675683E-06
  0.275804609      0.961213708       1.20895504E-06
  0.221378833      0.975187898      -1.70729220E-06
  0.187381312      0.982287228       9.17339548E-07
  0.153157771      0.988201737       1.17011791E-06
   9.74097401E-02  0.995244384      -1.08179995E-06
   6.27905205E-02  0.998026729      -3.88501604E-07
   2.80955620E-02  0.999605238       1.45590957E-06
  -2.80955620E-02  0.999605238      -2.08092487E-07
  -6.27905205E-02  0.998026729      -2.32315620E-06
  -9.74097401E-02  0.995244384      -6.76420996E-07
 -0.153157771      0.988201737       5.54356689E-07
 -0.187381312      0.982287228       3.73194496E-07
 -0.221378833      0.975187898       5.90403658E-07
 -0.275804609      0.961213708       1.41654173E-05
 -0.309017003      0.951056540       1.81558571E-05
 -0.341856629      0.939752102       1.10559558E-05
 -0.394101828      0.919066787      -2.53180676E-08
 -0.425779283      0.904827058      -5.67974712E-06
 -0.456943184      0.889495909       2.22721451E-06
 -0.506183803      0.862425625       1.04691775E-04
 -0.535826802      0.844327927       2.68213247E-04
 -0.564823449      0.825211763       5.25178737E-04
 -0.610283017      0.792183459       1.07233727E-03
 -0.637423992      0.770513237       1.41377386E-03
 -0.663796067      0.747913599       1.67342310E-03
 -0.704757631      0.709448099       1.81976438E-03
 -0.728968620      0.684547126       1.87202636E-03
 -0.752300262      0.658820391       2.27707066E-03
 -0.788117886      0.615524352       5.42666949E-03
 -0.809017003      0.587785244       1.06137218E-02
 -0.828940272      0.559337139       2.00015865E-02
 -0.859048963      0.511893392       4.83432896E-02
 -0.876306653      0.481753677       7.66141191E-02
 -0.892507374      0.451032847      0.114715129    
 -0.916432381      0.400189579      0.198872238    
 -0.929776490      0.368124545      0.264501333    
 -0.941999078      0.335615486      0.339150876    
 -0.959363103      0.282174528      0.473529756    
 -0.968583167      0.248689890      0.560349107    
 -0.976634920      0.214905262      0.645946324    
 -0.987164080      0.159709439      0.772764385    
 -0.992114723      0.125333235      0.838554442    
 -0.995868623       9.08058509E-02  0.891189456    
 -0.999396861       3.47256102E-02  0.942869544    
  -1.00000000       1.22464685E-16  0.951915503    
 -0.999396861      -3.47256102E-02  0.942869544    
 -0.995868623      -9.08058509E-02  0.891189456    
 -0.992114723     -0.125333235      0.838554442    
 -0.987164080     -0.159709439      0.772764385    
 -0.976634920     -0.214905262      0.645946324    
 -0.968583167     -0.248689890      0.560349107    
 -0.959363103     -0.282174528      0.473529756    
 -0.941999078     -0.335615486      0.339150876    
 -0.929776490     -0.368124545      0.264501333    
 -0.916432381     -0.400189579      0.198872238    
 -0.892507374     -0.451032847      0.114715129    
 -0.876306653     -0.481753677       7.66141191E-02
 -0.859048963     -0.511893392       4.83432896E-02
 -0.828940272     -0.559337139       2.00015865E-02
 -0.809017003     -0.587785244       1.06137218E-02
 -0.788117886     -0.615524352       5.42666949E-03
 -0.752300262     -0.658820391       2.27707066E-03
 -0.728968620     -0.684547126       1.87202636E-03
 -0.704757631     -0.709448099       1.81976438E-03
 -0.663796067     -0.747913599       1.67342310E-03
 -0.637423992     -0.770513237       1.41377386E-03
 -0.610283017     -0.792183459       1.07233727E-03
 -0.564823449     -0.825211763       5.25178737E-04
 -0.535826802     -0.844327927       2.68213247E-04
 -0.506183803     -0.862425625       1.04691775E-04
 -0.456943184     -0.889495909       2.22721451E-06
 -0.425779283     -0.904827058      -5.67974712E-06
 -0.394101828     -0.919066787      -2.53180659E-08
 -0.341856629     -0.939752102       1.10559558E-05
 -0.309017003     -0.951056540       1.81558571E-05
 -0.275804609     -0.961213708       1.41654173E-05
 -0.221378833     -0.975187898       5.90403658E-07
 -0.187381312     -0.982287228       3.73194496E-07
 -0.153157771     -0.988201737       5.54356689E-07
  -9.74097401E-02 -0.995244384      -6.76420996E-07
  -6.27905205E-02 -0.998026729      -2.32315620E-06
  -2.80955620E-02 -0.999605238      -2.08092487E-07
   2.80955620E-02 -0.999605238       1.45590957E-06
   6.27905205E-02 -0.998026729      -3.88501604E-07
   9.74097401E-02 -0.995244384      -1.08179995E-06
  0.153157771     -0.988201737       1.17011791E-06
  0.187381312     -0.982287228       9.17339548E-07
  0.221378833     -0.975187898      -1.70729220E-06
  0.275804609     -0.961213708       1.20895504E-06
  0.309017003     -0.951056540      -1.11675683E-06
  0.341856629     -0.939752102       5.85214650E-07
  0.394101828     -0.919066787      -1.13395163E-06
  0.425779283     -0.904827058      -2.01525791E-06
  0.456943184     -0.889495909       2.64174491E-06
  0.506183803     -0.862425625      -1.54656288E-06
  0.535826802     -0.844327927       1.46398145E-06
  0.564823449     -0.825211763      -1.67988242E-06
  0.610283017     -0.792183459       2.51359370E-06
  0.637423992     -0.770513237       4.04698676E-06
  0.663796067     -0.747913599      -4.62827893E-06
  0.704757631     -0.709448099       1.61427590E-06
  0.728968620     -0.684547126       1.35829771E-06
  0.752300262     -0.658820391       1.83951158E-06
  0.788117886     -0.615524352      -4.34249432E-06
  0.809017003     -0.587785244      -4.37451445E-06
  0.828940272     -0.559337139       7.52100004E-06
  0.859048963     -0.511893392      -3.74907222E-06
  0.876306653     -0.481753677      -5.15686861E-06
  0.892507374     -0.451032847       1.40256066E-06
  0.916432381     -0.400189579       2.81015855E-06
  0.929776490     -0.368124545       3.19193373E-06
  0.941999078     -0.335615486      -6.47317074E-06
  0.959363103     -0.282174528       3.61100706E-06
  0.968583167     -0.248689890       7.21700417E-06
  0.976634920     -0.214905262      -3.89707338E-06
  0.987164080     -0.159709439       9.05276849E-08
  0.992114723     -0.125333235      -1.11575366E-06
  0.995868623      -9.08058509E-02   1.77752634E-06
  0.999396861      -3.47256102E-02   8.17509772E-07
   1.00000000      -2.44929371E-16  -7.86044620E-06
