   1.00000000       0.00000000      -2.45215597E-06
  0.999396861       3.47256102E-02   6.24210031E-07
  0.995868623       9.08058509E-02  -1.56450852E-07
  0.992114723      0.125333235       2.06095166E-07
  0.987164080      0.159709439      -1.47271933E-07
  0.976634920      0.214905262       3.79083467E-08
  0.968583167      0.248689890       9.43133216E-07
  0.959363103      0.282174528      -6.09220535E-07
  0.941999078      0.335615486       6.89525848E-07
  0.929776490      0.368124545      -1.21963342E-06
  0.916432381      0.400189579       6.61443833E-09
  0.892507374      0.451032847      -1.16652522E-07
  0.876306653      0.481753677       1.93576579E-06
  0.859048963      0.511893392      -5.50269988E-07
  0.828940272      0.559337139       4.71950074E-07
  0.809017003      0.587785244       4.74364651E-06
  0.788117886      0.615524352       2.23520055E-06
  0.752300262      0.658820391       1.52270595E-05
  0.728968620      0.684547126       2.70981509E-05
  0.704757631      0.709448099       6.30332870E-05
  0.663796067      0.747913599       1.98021080E-04
  0.637423992      0.770513237       3.75626521E-04
  0.610283017      0.792183459       7.17835792E-04
  0.564823449      0.825211763       1.86093198E-03
  0.535826802      0.844327927       3.22612841E-03
  0.506183803      0.862425625       5.41854650E-03
  0.456943184      0.889495909       1.17614176E-02
  0.425779283      0.904827058       1.82773527E-02
  0.394101828      0.919066787       2.75582802E-02
  0.341856629      0.939752102       5.04025556E-02
  0.309017003      0.951056540       7.05473647E-02
  0.275804609      0.961213708       9.60199013E-02
  0.221378833      0.975187898      0.149185389    
  0.187381312      0.982287228      0.189084679    
  0.153157771      0.988201737      0.233372390    
   9.74097401E-02  0.995244384      0.310328066    
   6.27905205E-02  0.998026729      0.357772231    
   2.80955620E-02  0.999605238      0.402100712    
  -2.80955620E-02  0.999605238      0.460581422    
  -6.27905205E-02  0.998026729      0.484862715    
  -9.74097401E-02  0.995244384      0.498066664    
 -0.153157771      0.988201737      0.494192779    
 -0.187381312      0.982287228      0.476648331    
 -0.221378833      0.975187898      0.448975623    
 -0.275804609      0.961213708      0.387845516    
 -0.309017003      0.951056540      0.343756258    
 -0.341856629      0.939752102      0.297787100    
 -0.394101828      0.919066787      0.225004822    
 -0.425779283      0.904827058      0.183758542    
 -0.456943184      0.889495909      0.146786392    
 -0.506183803      0.862425625       9.74315926E-02
 -0.535826802      0.844327927       7.35043287E-02
 -0.564823449      0.825211763       5.42714112E-02
 -0.610283017      0.792183459       3.17630656E-02
 -0.637423992      0.770513237       2.21917015E-02
 -0.663796067      0.747913599       1.51824635E-02
 -0.704757631      0.709448099       7.85200577E-03
 -0.728968620      0.684547126       5.09046251E-03
 -0.752300262      0.658820391       3.23868380E-03
 -0.788117886      0.615524352       1.48535136E-03
 -0.809017003      0.587785244       8.88442970E-04
 -0.828940272      0.559337139       5.23599796E-04
 -0.859048963      0.511893392       2.23995143E-04
 -0.876306653      0.481753677       1.20275232E-04
 -0.892507374      0.451032847       5.71883938E-05
 -0.916432381      0.400189579       2.89664513E-05
 -0.929776490      0.368124545       1.85986082E-05
 -0.941999078      0.335615486       4.92176696E-06
 -0.959363103      0.282174528      -3.80022175E-06
 -0.968583167      0.248689890       5.42810949E-06
 -0.976634920      0.214905262       8.75040405E-06
 -0.987164080      0.159709439      -9.33377396E-06
 -0.992114723      0.125333235      -2.56160047E-06
 -0.995868623       9.08058509E-02   8.06824210E-06
 -0.999396861       3.47256102E-02  -1.79088670E-06
  -1.00000000       1.22464685E-16  -6.53590178E-06
 -0.999396861      -3.47256102E-02  -1.79088670E-06
 -0.995868623      -9.08058509E-02   8.06824210E-06
 -0.992114723     -0.125333235      -2.56160047E-06
 -0.987164080     -0.159709439      -9.33377396E-06
 -0.976634920     -0.214905262       8.75040405E-06
 -0.968583167     -0.248689890       5.42810949E-06
 -0.959363103     -0.282174528      -3.80022175E-06
 -0.941999078     -0.335615486       4.92176696E-06
 -0.929776490     -0.368124545       1.85986082E-05
 -0.916432381     -0.400189579       2.89664513E-05
 -0.892507374     -0.451032847       5.71883938E-05
 -0.876306653     -0.481753677       1.20275232E-04
 -0.859048963     -0.511893392       2.23995143E-04
 -0.828940272     -0.559337139       5.23599796E-04
 -0.809017003     -0.587785244       8.88442970E-04
 -0.788117886     -0.615524352       1.48535136E-03
 -0.752300262     -0.658820391       3.23868380E-03
 -0.728968620     -0.684547126       5.09046251E-03
 -0.704757631     -0.709448099       7.85200577E-03
 -0.663796067     -0.747913599       1.51824635E-02
 -0.637423992     -0.770513237       2.21917015E-02
 -0.610283017     -0.792183459       3.17630656E-02
 -0.564823449     -0.825211763       5.42714112E-02
 -0.535826802     -0.844327927       7.35043287E-02
 -0.506183803     -0.862425625       9.74315926E-02
 -0.456943184     -0.889495909      0.146786392    
 -0.425779283     -0.904827058      0.183758542    
 -0.394101828     -0.919066787      0.225004822    
 -0.341856629     -0.939752102      0.297787100    
 -0.309017003     -0.951056540      0.343756258    
 -0.275804609     -0.961213708      0.387845516    
 -0.221378833     -0.975187898      0.448975623    
 -0.187381312     -0.982287228      0.476648331    
 -0.153157771     -0.988201737      0.494192779    
  -9.74097401E-02 -0.995244384      0.498066664    
  -6.27905205E-02 -0.998026729      0.484862715    
  -2.80955620E-02 -0.999605238      0.460581422    
   2.80955620E-02 -0.999605238      0.402100712    
   6.27905205E-02 -0.998026729      0.357772231    
   9.74097401E-02 -0.995244384      0.310328066    
  0.153157771     -0.988201737      0.233372390    
  0.187381312     -0.982287228      0.189084679    
  0.221378833     -0.975187898      0.149185389    
  0.275804609     -0.961213708       9.60199013E-02
  0.309017003     -0.951056540       7.05473647E-02
  0.341856629     -0.939752102       5.04025556E-02
  0.394101828     -0.919066787       2.75582802E-02
  0.425779283     -0.904827058       1.82773527E-02
  0.456943184     -0.889495909       1.17614176E-02
  0.506183803     -0.862425625       5.41854650E-03
  0.535826802     -0.844327927       3.22612841E-03
  0.564823449     -0.825211763       1.86093198E-03
  0.610283017     -0.792183459       7.17835792E-04
  0.637423992     -0.770513237       3.75626521E-04
  0.663796067     -0.747913599       1.98021080E-04
  0.704757631     -0.709448099       6.30332870E-05
  0.728968620     -0.684547126       2.70981509E-05
  0.752300262     -0.658820391       1.52270595E-05
  0.788117886     -0.615524352       2.23520055E-06
  0.809017003     -0.587785244       4.74364651E-06
  0.828940272     -0.559337139       4.71950074E-07
  0.859048963     -0.511893392      -5.50269988E-07
  0.876306653     -0.481753677       1.93576579E-06
  0.892507374     -0.451032847      -1.16652522E-07
  0.916432381     -0.400189579       6.61443789E-09
  0.929776490     -0.368124545      -1.21963342E-06
  0.941999078     -0.335615486       6.89525848E-07
  0.959363103     -0.282174528      -6.09220535E-07
  0.968583167     -0.248689890       9.43133216E-07
  0.976634920     -0.214905262       3.79083467E-08
  0.987164080     -0.159709439      -1.47271933E-07
  0.992114723     -0.125333235       2.06095166E-07
  0.995868623      -9.08058509E-02  -1.56450852E-07
  0.999396861      -3.47256102E-02   6.24210031E-07
   1.00000000      -2.44929371E-16  -2.45215597E-06
