   1.00000000       0.00000000       1.12299724E-02
  0.999396861       3.47256102E-02   1.18637197E-02
  0.995868623       9.08058509E-02   1.57474019E-02
  0.992114723      0.125333235       2.01357845E-02
  0.987164080      0.159709439       2.63026338E-02
  0.976634920      0.214905262       4.08152230E-02
  0.968583167      0.248689890       5.31430133E-02
  0.959363103      0.282174528       6.84942603E-02
  0.941999078      0.335615486      0.100562751    
  0.929776490      0.368124545      0.125260919    
  0.916432381      0.400189579      0.153810009    
  0.892507374      0.451032847      0.207743376    
  0.876306653      0.481753677      0.245148465    
  0.859048963      0.511893392      0.284681410    
  0.828940272      0.559337139      0.350032836    
  0.809017003      0.587785244      0.388781667    
  0.788117886      0.615524352      0.424076200    
  0.752300262      0.658820391      0.468886226    
  0.728968620      0.684547126      0.486022383    
  0.704757631      0.709448099      0.493258178    
  0.663796067      0.747913599      0.481705427    
  0.637423992      0.770513237      0.459959358    
  0.610283017      0.792183459      0.427890807    
  0.564823449      0.825211763      0.358314484    
  0.535826802      0.844327927      0.308051080    
  0.506183803      0.862425625      0.255492330    
  0.456943184      0.889495909      0.172668114    
  0.425779283      0.904827058      0.126756236    
  0.394101828      0.919066787       8.71090665E-02
  0.341856629      0.939752102       3.86417359E-02
  0.309017003      0.951056540       1.85339600E-02
  0.275804609      0.961213708       5.21973474E-03
  0.221378833      0.975187898      -4.94774664E-03
  0.187381312      0.982287228      -6.41604979E-03
  0.153157771      0.988201737      -5.80532569E-03
   9.74097401E-02  0.995244384      -3.08796205E-03
   6.27905205E-02  0.998026729      -1.43750035E-03
   2.80955620E-02  0.999605238      -2.43780465E-04
  -2.80955620E-02  0.999605238       6.12463162E-04
  -6.27905205E-02  0.998026729       6.49928057E-04
  -9.74097401E-02  0.995244384       4.84966789E-04
 -0.153157771      0.988201737       1.33794936E-04
 -0.187381312      0.982287228      -1.51506974E-05
 -0.221378833      0.975187898      -8.04414667E-05
 -0.275804609      0.961213708      -7.91690472E-05
 -0.309017003      0.951056540      -5.20883550E-05
 -0.341856629      0.939752102      -1.40407192E-05
 -0.394101828      0.919066787       1.74857250E-05
 -0.425779283      0.904827058       1.74582729E-05
 -0.456943184      0.889495909       6.60458136E-06
 -0.506183803      0.862425625      -2.01181024E-07
 -0.535826802      0.844327927       5.59765886E-06
 -0.564823449      0.825211763      -1.19779122E-06
 -0.610283017      0.792183459      -6.79574578E-06
 -0.637423992      0.770513237      -6.04627601E-08
 -0.663796067      0.747913599       5.43207352E-06
 -0.704757631      0.709448099       2.26290751E-07
 -0.728968620      0.684547126      -7.47914055E-06
 -0.752300262      0.658820391      -1.87379032E-06
 -0.788117886      0.615524352       7.46047908E-06
 -0.809017003      0.587785244      -3.14242925E-06
 -0.828940272      0.559337139      -7.04092781E-06
 -0.859048963      0.511893392       4.18490345E-06
 -0.876306653      0.481753677       5.10002883E-06
 -0.892507374      0.451032847      -1.30614819E-06
 -0.916432381      0.400189579      -4.65688663E-06
 -0.929776490      0.368124545       4.34292724E-06
 -0.941999078      0.335615486       5.30461057E-06
 -0.959363103      0.282174528      -5.26161239E-06
 -0.968583167      0.248689890      -1.81426833E-06
 -0.976634920      0.214905262       3.35617619E-06
 -0.987164080      0.159709439      -1.88840119E-07
 -0.992114723      0.125333235      -1.92956986E-06
 -0.995868623       9.08058509E-02  -3.53298532E-07
 -0.999396861       3.47256102E-02   4.02383137E-07
  -1.00000000       1.22464685E-16   1.98233948E-07
 -0.999396861      -3.47256102E-02   4.02383137E-07
 -0.995868623      -9.08058509E-02  -3.53298532E-07
 -0.992114723     -0.125333235      -1.92956986E-06
 -0.987164080     -0.159709439      -1.88840119E-07
 -0.976634920     -0.214905262       3.35617619E-06
 -0.968583167     -0.248689890      -1.81426833E-06
 -0.959363103     -0.282174528      -5.26161239E-06
 -0.941999078     -0.335615486       5.30461057E-06
 -0.929776490     -0.368124545       4.34292724E-06
 -0.916432381     -0.400189579      -4.65688663E-06
 -0.892507374     -0.451032847      -1.30614819E-06
 -0.876306653     -0.481753677       5.10002883E-06
 -0.859048963     -0.511893392       4.18490345E-06
 -0.828940272     -0.559337139      -7.04092781E-06
 -0.809017003     -0.587785244      -3.14242925E-06
 -0.788117886     -0.615524352       7.46047908E-06
 -0.752300262     -0.658820391      -1.87379032E-06
 -0.728968620     -0.684547126      -7.47914055E-06
 -0.704757631     -0.709448099       2.26290751E-07
 -0.663796067     -0.747913599       5.43207352E-06
 -0.637423992     -0.770513237      -6.04627601E-08
 -0.610283017     -0.792183459      -6.79574578E-06
 -0.564823449     -0.825211763      -1.19779122E-06
 -0.535826802     -0.844327927       5.59765886E-06
 -0.506183803     -0.862425625      -2.01181024E-07
 -0.456943184     -0.889495909       6.60458136E-06
 -0.425779283     -0.904827058       1.74582729E-05
 -0.394101828     -0.919066787       1.74857250E-05
 -0.341856629     -0.939752102      -1.40407192E-05
 -0.309017003     -0.951056540      -5.20883550E-05
 -0.275804609     -0.961213708      -7.91690472E-05
 -0.221378833     -0.975187898      -8.04414667E-05
 -0.187381312     -0.982287228      -1.51506974E-05
 -0.153157771     -0.988201737       1.33794936E-04
  -9.74097401E-02 -0.995244384       4.84966789E-04
  -6.27905205E-02 -0.998026729       6.49928057E-04
  -2.80955620E-02 -0.999605238       6.12463162E-04
   2.80955620E-02 -0.999605238      -2.43780465E-04
   6.27905205E-02 -0.998026729      -1.43750035E-03
   9.74097401E-02 -0.995244384      -3.08796205E-03
  0.153157771     -0.988201737      -5.80532569E-03
  0.187381312     -0.982287228      -6.41604979E-03
  0.221378833     -0.975187898      -4.94774664E-03
  0.275804609     -0.961213708       5.21973474E-03
  0.309017003     -0.951056540       1.85339600E-02
  0.341856629     -0.939752102       3.86417359E-02
  0.394101828     -0.919066787       8.71090665E-02
  0.425779283     -0.904827058      0.126756236    
  0.456943184     -0.889495909      0.172668114    
  0.506183803     -0.862425625      0.255492330    
  0.535826802     -0.844327927      0.308051080    
  0.564823449     -0.825211763      0.358314484    
  0.610283017     -0.792183459      0.427890807    
  0.637423992     -0.770513237      0.459959358    
  0.663796067     -0.747913599      0.481705427    
  0.704757631     -0.709448099      0.493258178    
  0.728968620     -0.684547126      0.486022383    
  0.752300262     -0.658820391      0.468886226    
  0.788117886     -0.615524352      0.424076200    
  0.809017003     -0.587785244      0.388781667    
  0.828940272     -0.559337139      0.350032836    
  0.859048963     -0.511893392      0.284681410    
  0.876306653     -0.481753677      0.245148465    
  0.892507374     -0.451032847      0.207743376    
  0.916432381     -0.400189579      0.153810009    
  0.929776490     -0.368124545      0.125260919    
  0.941999078     -0.335615486      0.100562751    
  0.959363103     -0.282174528       6.84942603E-02
  0.968583167     -0.248689890       5.31430133E-02
  0.976634920     -0.214905262       4.08152230E-02
  0.987164080     -0.159709439       2.63026338E-02
  0.992114723     -0.125333235       2.01357845E-02
  0.995868623      -9.08058509E-02   1.57474019E-02
  0.999396861      -3.47256102E-02   1.18637197E-02
   1.00000000      -2.44929371E-16   1.12299724E-02
