   1.00000000       0.00000000      0.972785115    
  0.999396861       3.47256102E-02  0.961698234    
  0.995868623       9.08058509E-02  0.899258435    
  0.992114723      0.125333235      0.837263942    
  0.987164080      0.159709439      0.761920094    
  0.976634920      0.214905262      0.623181164    
  0.968583167      0.248689890      0.534251630    
  0.959363103      0.282174528      0.447738826    
  0.941999078      0.335615486      0.320689350    
  0.929776490      0.368124545      0.253335506    
  0.916432381      0.400189579      0.195694104    
  0.892507374      0.451032847      0.122961588    
  0.876306653      0.481753677       8.96107703E-02
  0.859048963      0.511893392       6.38763830E-02
  0.828940272      0.559337139       3.52813341E-02
  0.809017003      0.587785244       2.37580277E-02
  0.788117886      0.615524352       1.56512316E-02
  0.752300262      0.658820391       7.60646025E-03
  0.728968620      0.684547126       4.74154018E-03
  0.704757631      0.709448099       2.89714965E-03
  0.663796067      0.747913599       1.23486482E-03
  0.637423992      0.770513237       7.11445813E-04
  0.610283017      0.792183459       4.08194581E-04
  0.564823449      0.825211763       1.51824483E-04
  0.535826802      0.844327927       8.03894145E-05
  0.506183803      0.862425625       4.17835508E-05
  0.456943184      0.889495909       1.60162472E-05
  0.425779283      0.904827058       1.05995987E-05
  0.394101828      0.919066787      -7.03363582E-07
  0.341856629      0.939752102       4.03349213E-06
  0.309017003      0.951056540       1.63737627E-06
  0.275804609      0.961213708      -2.71525687E-06
  0.221378833      0.975187898       2.89095374E-06
  0.187381312      0.982287228      -5.37225651E-06
  0.153157771      0.988201737       8.98696214E-07
   9.74097401E-02  0.995244384      -1.93648120E-08
   6.27905205E-02  0.998026729      -3.07903520E-06
   2.80955620E-02  0.999605238       2.09054679E-06
  -2.80955620E-02  0.999605238      -2.66742154E-06
  -6.27905205E-02  0.998026729       5.26199574E-06
  -9.74097401E-02  0.995244384       2.72599561E-08
 -0.153157771      0.988201737      -1.60411605E-06
 -0.187381312      0.982287228       4.19277012E-06
 -0.221378833      0.975187898      -6.51372375E-07
 -0.275804609      0.961213708       4.06985066E-07
 -0.309017003      0.951056540      -2.05367087E-06
 -0.341856629      0.939752102       5.91904438E-07
 -0.394101828      0.919066787       2.37776661E-07
 -0.425779283      0.904827058      -1.88670424E-06
 -0.456943184      0.889495909       4.76993478E-07
 -0.506183803      0.862425625      -1.87096383E-08
 -0.535826802      0.844327927      -3.09322203E-08
 -0.564823449      0.825211763      -1.21021017E-07
 -0.610283017      0.792183459       2.47733851E-07
 -0.637423992      0.770513237      -3.95400207E-07
 -0.663796067      0.747913599      -8.23846520E-08
 -0.704757631      0.709448099       1.34269939E-07
 -0.728968620      0.684547126       5.23982884E-08
 -0.752300262      0.658820391      -1.21202035E-07
 -0.788117886      0.615524352       5.42749383E-08
 -0.809017003      0.587785244       2.12168814E-07
 -0.828940272      0.559337139      -1.55836119E-07
 -0.859048963      0.511893392       7.72843265E-08
 -0.876306653      0.481753677       8.36947649E-08
 -0.892507374      0.451032847      -5.52293535E-08
 -0.916432381      0.400189579       4.81014295E-09
 -0.929776490      0.368124545       9.34382527E-08
 -0.941999078      0.335615486      -5.76690340E-08
 -0.959363103      0.282174528       2.30954473E-08
 -0.968583167      0.248689890       3.84659415E-08
 -0.976634920      0.214905262      -4.42608794E-09
 -0.987164080      0.159709439      -6.84777657E-09
 -0.992114723      0.125333235      -1.22870014E-09
 -0.995868623       9.08058509E-02  -1.38612108E-08
 -0.999396861       3.47256102E-02   1.05526574E-08
  -1.00000000       1.22464685E-16   1.17206804E-08
 -0.999396861      -3.47256102E-02   1.05526574E-08
 -0.995868623      -9.08058509E-02  -1.38612108E-08
 -0.992114723     -0.125333235      -1.22869992E-09
 -0.987164080     -0.159709439      -6.84777657E-09
 -0.976634920     -0.214905262      -4.42608794E-09
 -0.968583167     -0.248689890       3.84659451E-08
 -0.959363103     -0.282174528       2.30954473E-08
 -0.941999078     -0.335615486      -5.76690340E-08
 -0.929776490     -0.368124545       9.34382527E-08
 -0.916432381     -0.400189579       4.81014251E-09
 -0.892507374     -0.451032847      -5.52293535E-08
 -0.876306653     -0.481753677       8.36947649E-08
 -0.859048963     -0.511893392       7.72843265E-08
 -0.828940272     -0.559337139      -1.55836119E-07
 -0.809017003     -0.587785244       2.12168814E-07
 -0.788117886     -0.615524352       5.42749383E-08
 -0.752300262     -0.658820391      -1.21202035E-07
 -0.728968620     -0.684547126       5.23982884E-08
 -0.704757631     -0.709448099       1.34269939E-07
 -0.663796067     -0.747913599      -8.23846520E-08
 -0.637423992     -0.770513237      -3.95400207E-07
 -0.610283017     -0.792183459       2.47733851E-07
 -0.564823449     -0.825211763      -1.21021017E-07
 -0.535826802     -0.844327927      -3.09322203E-08
 -0.506183803     -0.862425625      -1.87096383E-08
 -0.456943184     -0.889495909       4.76993478E-07
 -0.425779283     -0.904827058      -1.88670424E-06
 -0.394101828     -0.919066787       2.37776661E-07
 -0.341856629     -0.939752102       5.91904438E-07
 -0.309017003     -0.951056540      -2.05367087E-06
 -0.275804609     -0.961213708       4.06985066E-07
 -0.221378833     -0.975187898      -6.51372375E-07
 -0.187381312     -0.982287228       4.19277012E-06
 -0.153157771     -0.988201737      -1.60411605E-06
  -9.74097401E-02 -0.995244384       2.72599561E-08
  -6.27905205E-02 -0.998026729       5.26199574E-06
  -2.80955620E-02 -0.999605238      -2.66742154E-06
   2.80955620E-02 -0.999605238       2.09054679E-06
   6.27905205E-02 -0.998026729      -3.07903520E-06
   9.74097401E-02 -0.995244384      -1.93648102E-08
  0.153157771     -0.988201737       8.98696214E-07
  0.187381312     -0.982287228      -5.37225651E-06
  0.221378833     -0.975187898       2.89095374E-06
  0.275804609     -0.961213708      -2.71525687E-06
  0.309017003     -0.951056540       1.63737627E-06
  0.341856629     -0.939752102       4.03349213E-06
  0.394101828     -0.919066787      -7.03363582E-07
  0.425779283     -0.904827058       1.05995987E-05
  0.456943184     -0.889495909       1.60162472E-05
  0.506183803     -0.862425625       4.17835508E-05
  0.535826802     -0.844327927       8.03894145E-05
  0.564823449     -0.825211763       1.51824483E-04
  0.610283017     -0.792183459       4.08194581E-04
  0.637423992     -0.770513237       7.11445813E-04
  0.663796067     -0.747913599       1.23486482E-03
  0.704757631     -0.709448099       2.89714965E-03
  0.728968620     -0.684547126       4.74154018E-03
  0.752300262     -0.658820391       7.60646025E-03
  0.788117886     -0.615524352       1.56512316E-02
  0.809017003     -0.587785244       2.37580277E-02
  0.828940272     -0.559337139       3.52813341E-02
  0.859048963     -0.511893392       6.38763830E-02
  0.876306653     -0.481753677       8.96107703E-02
  0.892507374     -0.451032847      0.122961588    
  0.916432381     -0.400189579      0.195694104    
  0.929776490     -0.368124545      0.253335506    
  0.941999078     -0.335615486      0.320689350    
  0.959363103     -0.282174528      0.447738826    
  0.968583167     -0.248689890      0.534251630    
  0.976634920     -0.214905262      0.623181164    
  0.987164080     -0.159709439      0.761920094    
  0.992114723     -0.125333235      0.837263942    
  0.995868623      -9.08058509E-02  0.899258435    
  0.999396861      -3.47256102E-02  0.961698234    
   1.00000000      -2.44929371E-16  0.972785115    
