   1.00000000       0.00000000      -4.47812454E-06
  0.999396861       3.47256102E-02   1.35791288E-06
  0.995868623       9.08058509E-02  -9.49764399E-07
  0.992114723      0.125333235       7.85515368E-08
  0.987164080      0.159709439       1.30505100E-06
  0.976634920      0.214905262      -1.95755524E-06
  0.968583167      0.248689890       3.94445306E-06
  0.959363103      0.282174528      -1.08444431E-06
  0.941999078      0.335615486       1.87575506E-06
  0.929776490      0.368124545      -1.65319918E-07
  0.916432381      0.400189579      -3.43388024E-06
  0.892507374      0.451032847       4.07252082E-06
  0.876306653      0.481753677      -1.71691977E-06
  0.859048963      0.511893392      -1.19389426E-06
  0.828940272      0.559337139      -1.95132338E-06
  0.809017003      0.587785244       1.31019033E-06
  0.788117886      0.615524352       5.24626876E-06
  0.752300262      0.658820391      -6.70880991E-06
  0.728968620      0.684547126      -1.03351567E-06
  0.704757631      0.709448099       5.02869125E-06
  0.663796067      0.747913599       2.23777491E-07
  0.637423992      0.770513237      -3.69300483E-06
  0.610283017      0.792183459      -4.42111650E-06
  0.564823449      0.825211763       7.86822966E-06
  0.535826802      0.844327927       1.09135840E-06
  0.506183803      0.862425625      -7.57816042E-06
  0.456943184      0.889495909       2.76468813E-06
  0.425779283      0.904827058       4.24823520E-06
  0.394101828      0.919066787       1.24848225E-06
  0.341856629      0.939752102      -5.10795599E-06
  0.309017003      0.951056540       5.48447474E-07
  0.275804609      0.961213708       6.87263582E-06
  0.221378833      0.975187898      -2.83557461E-06
  0.187381312      0.982287228       8.32981357E-07
  0.153157771      0.988201737       5.97385770E-06
   9.74097401E-02  0.995244384       9.40265818E-06
   6.27905205E-02  0.998026729       1.57678332E-05
   2.80955620E-02  0.999605238       2.20938564E-05
  -2.80955620E-02  0.999605238       5.06210490E-05
  -6.27905205E-02  0.998026729       7.48539533E-05
  -9.74097401E-02  0.995244384       1.13156595E-04
 -0.153157771      0.988201737       2.33499231E-04
 -0.187381312      0.982287228       3.48702393E-04
 -0.221378833      0.975187898       5.25141135E-04
 -0.275804609      0.961213708       9.90414061E-04
 -0.309017003      0.951056540       1.43596297E-03
 -0.341856629      0.939752102       2.06522318E-03
 -0.394101828      0.919066787       3.63697065E-03
 -0.425779283      0.904827058       5.11472253E-03
 -0.456943184      0.889495909       7.13279797E-03
 -0.506183803      0.862425625       1.19661829E-02
 -0.535826802      0.844327927       1.62446871E-02
 -0.564823449      0.825211763       2.17794515E-02
 -0.610283017      0.792183459       3.40857357E-02
 -0.637423992      0.770513237       4.42189351E-02
 -0.663796067      0.747913599       5.66807799E-02
 -0.704757631      0.709448099       8.27201307E-02
 -0.728968620      0.684547126      0.103011712    
 -0.752300262      0.658820391      0.126869723    
 -0.788117886      0.615524352      0.173315793    
 -0.809017003      0.587785244      0.206635073    
 -0.828940272      0.559337139      0.242821425    
 -0.859048963      0.511893392      0.304809272    
 -0.876306653      0.481753677      0.342972189    
 -0.892507374      0.451032847      0.378939986    
 -0.916432381      0.400189579      0.427894473    
 -0.929776490      0.368124545      0.449908286    
 -0.941999078      0.335615486      0.464309424    
 -0.959363103      0.282174528      0.470646203    
 -0.968583167      0.248689890      0.464828998    
 -0.976634920      0.214905262      0.453091711    
 -0.987164080      0.159709439      0.426456332    
 -0.992114723      0.125333235      0.408835441    
 -0.995868623       9.08058509E-02  0.393029690    
 -0.999396861       3.47256102E-02  0.376108021    
  -1.00000000       1.22464685E-16  0.373013198    
 -0.999396861      -3.47256102E-02  0.376108021    
 -0.995868623      -9.08058509E-02  0.393029690    
 -0.992114723     -0.125333235      0.408835441    
 -0.987164080     -0.159709439      0.426456332    
 -0.976634920     -0.214905262      0.453091711    
 -0.968583167     -0.248689890      0.464828998    
 -0.959363103     -0.282174528      0.470646203    
 -0.941999078     -0.335615486      0.464309424    
 -0.929776490     -0.368124545      0.449908286    
 -0.916432381     -0.400189579      0.427894473    
 -0.892507374     -0.451032847      0.378939986    
 -0.876306653     -0.481753677      0.342972189    
 -0.859048963     -0.511893392      0.304809272    
 -0.828940272     -0.559337139      0.242821425    
 -0.809017003     -0.587785244      0.206635073    
 -0.788117886     -0.615524352      0.173315793    
 -0.752300262     -0.658820391      0.126869723    
 -0.728968620     -0.684547126      0.103011712    
 -0.704757631     -0.709448099       8.27201307E-02
 -0.663796067     -0.747913599       5.66807799E-02
 -0.637423992     -0.770513237       4.42189351E-02
 -0.610283017     -0.792183459       3.40857357E-02
 -0.564823449     -0.825211763       2.17794515E-02
 -0.535826802     -0.844327927       1.62446871E-02
 -0.506183803     -0.862425625       1.19661829E-02
 -0.456943184     -0.889495909       7.13279797E-03
 -0.425779283     -0.904827058       5.11472253E-03
 -0.394101828     -0.919066787       3.63697065E-03
 -0.341856629     -0.939752102       2.06522318E-03
 -0.309017003     -0.951056540       1.43596297E-03
 -0.275804609     -0.961213708       9.90414061E-04
 -0.221378833     -0.975187898       5.25141135E-04
 -0.187381312     -0.982287228       3.48702393E-04
 -0.153157771     -0.988201737       2.33499231E-04
  -9.74097401E-02 -0.995244384       1.13156595E-04
  -6.27905205E-02 -0.998026729       7.48539533E-05
  -2.80955620E-02 -0.999605238       5.06210490E-05
   2.80955620E-02 -0.999605238       2.20938564E-05
   6.27905205E-02 -0.998026729       1.57678332E-05
   9.74097401E-02 -0.995244384       9.40265818E-06
  0.153157771     -0.988201737       5.97385770E-06
  0.187381312     -0.982287228       8.32981357E-07
  0.221378833     -0.975187898      -2.83557461E-06
  0.275804609     -0.961213708       6.87263582E-06
  0.309017003     -0.951056540       5.48447474E-07
  0.341856629     -0.939752102      -5.10795599E-06
  0.394101828     -0.919066787       1.24848225E-06
  0.425779283     -0.904827058       4.24823520E-06
  0.456943184     -0.889495909       2.76468813E-06
  0.506183803     -0.862425625      -7.57816042E-06
  0.535826802     -0.844327927       1.09135840E-06
  0.564823449     -0.825211763       7.86822966E-06
  0.610283017     -0.792183459      -4.42111650E-06
  0.637423992     -0.770513237      -3.69300483E-06
  0.663796067     -0.747913599       2.23777491E-07
  0.704757631     -0.709448099       5.02869125E-06
  0.728968620     -0.684547126      -1.03351567E-06
  0.752300262     -0.658820391      -6.70880991E-06
  0.788117886     -0.615524352       5.24626876E-06
  0.809017003     -0.587785244       1.31019033E-06
  0.828940272     -0.559337139      -1.95132338E-06
  0.859048963     -0.511893392      -1.19389426E-06
  0.876306653     -0.481753677      -1.71691977E-06
  0.892507374     -0.451032847       4.07252082E-06
  0.916432381     -0.400189579      -3.43388024E-06
  0.929776490     -0.368124545      -1.65319918E-07
  0.941999078     -0.335615486       1.87575506E-06
  0.959363103     -0.282174528      -1.08444431E-06
  0.968583167     -0.248689890       3.94445306E-06
  0.976634920     -0.214905262      -1.95755524E-06
  0.987164080     -0.159709439       1.30505100E-06
  0.992114723     -0.125333235       7.85515297E-08
  0.995868623      -9.08058509E-02  -9.49764399E-07
  0.999396861      -3.47256102E-02   1.35791288E-06
   1.00000000      -2.44929371E-16  -4.47812454E-06
