   1.00000000       0.00000000       3.13612463E-06
  0.999396861       3.47256102E-02   2.10773078E-06
  0.995868623       9.08058509E-02   3.86526108E-06
  0.992114723      0.125333235       6.65093012E-06
  0.987164080      0.159709439       1.02744743E-05
  0.976634920      0.214905262       2.38796529E-05
  0.968583167      0.248689890       3.98245866E-05
  0.959363103      0.282174528       6.04467205E-05
  0.941999078      0.335615486       1.24539089E-04
  0.929776490      0.368124545       1.99174334E-04
  0.916432381      0.400189579       3.07782087E-04
  0.892507374      0.451032847       5.96048776E-04
  0.876306653      0.481753677       8.93032528E-04
  0.859048963      0.511893392       1.33733824E-03
  0.828940272      0.559337139       2.47210008E-03
  0.809017003      0.587785244       3.55653069E-03
  0.788117886      0.615524352       5.07859513E-03
  0.752300262      0.658820391       8.82724207E-03
  0.728968620      0.684547126       1.22226868E-02
  0.704757631      0.709448099       1.67179611E-02
  0.663796067      0.747913599       2.71073859E-02
  0.637423992      0.770513237       3.59638259E-02
  0.610283017      0.792183459       4.71056774E-02
  0.564823449      0.825211763       7.09692240E-02
  0.535826802      0.844327927       8.98853838E-02
  0.506183803      0.862425625      0.112327628    
  0.456943184      0.889495909      0.156408072    
  0.425779283      0.904827058      0.188375026    
  0.394101828      0.919066787      0.223563403    
  0.341856629      0.939752102      0.285526067    
  0.309017003      0.951056540      0.325296789    
  0.275804609      0.961213708      0.364524633    
  0.221378833      0.975187898      0.422535598    
  0.187381312      0.982287228      0.452042967    
  0.153157771      0.988201737      0.474451780    
   9.74097401E-02  0.995244384      0.491584718    
   6.27905205E-02  0.998026729      0.488478243    
   2.80955620E-02  0.999605238      0.474277824    
  -2.80955620E-02  0.999605238      0.428705812    
  -6.27905205E-02  0.998026729      0.388468564    
  -9.74097401E-02  0.995244384      0.341352105    
 -0.153157771      0.988201737      0.257026464    
 -0.187381312      0.982287228      0.204348072    
 -0.221378833      0.975187898      0.154465497    
 -0.275804609      0.961213708       8.52082297E-02
 -0.309017003      0.951056540       5.17691970E-02
 -0.341856629      0.939752102       2.62068938E-02
 -0.394101828      0.919066787       7.20263575E-04
 -0.425779283      0.904827058      -6.80148089E-03
 -0.456943184      0.889495909      -9.68149304E-03
 -0.506183803      0.862425625      -8.28568637E-03
 -0.535826802      0.844327927      -5.76183666E-03
 -0.564823449      0.825211763      -3.14335688E-03
 -0.610283017      0.792183459      -6.01463289E-05
 -0.637423992      0.770513237       8.90999858E-04
 -0.663796067      0.747913599       1.19108346E-03
 -0.704757631      0.709448099       8.35324114E-04
 -0.728968620      0.684547126       4.50428837E-04
 -0.752300262      0.658820391       1.14748538E-04
 -0.788117886      0.615524352      -1.63941775E-04
 -0.809017003      0.587785244      -1.92844178E-04
 -0.828940272      0.559337139      -1.47380997E-04
 -0.859048963      0.511893392      -2.88407482E-05
 -0.876306653      0.481753677       1.23427380E-05
 -0.892507374      0.451032847       3.13963137E-05
 -0.916432381      0.400189579       2.78177013E-05
 -0.929776490      0.368124545       1.42923618E-05
 -0.941999078      0.335615486       9.76089609E-07
 -0.959363103      0.282174528      -9.94626316E-06
 -0.968583167      0.248689890      -5.35656727E-06
 -0.976634920      0.214905262       2.05669892E-07
 -0.987164080      0.159709439      -2.28684780E-06
 -0.992114723      0.125333235       1.14367322E-06
 -0.995868623       9.08058509E-02   3.38375753E-06
 -0.999396861       3.47256102E-02  -1.03181537E-06
  -1.00000000       1.22464685E-16  -2.28994665E-07
 -0.999396861      -3.47256102E-02  -1.03181537E-06
 -0.995868623      -9.08058509E-02   3.38375753E-06
 -0.992114723     -0.125333235       1.14367322E-06
 -0.987164080     -0.159709439      -2.28684780E-06
 -0.976634920     -0.214905262       2.05669892E-07
 -0.968583167     -0.248689890      -5.35656727E-06
 -0.959363103     -0.282174528      -9.94626316E-06
 -0.941999078     -0.335615486       9.76089609E-07
 -0.929776490     -0.368124545       1.42923618E-05
 -0.916432381     -0.400189579       2.78177013E-05
 -0.892507374     -0.451032847       3.13963137E-05
 -0.876306653     -0.481753677       1.23427380E-05
 -0.859048963     -0.511893392      -2.88407482E-05
 -0.828940272     -0.559337139      -1.47380997E-04
 -0.809017003     -0.587785244      -1.92844178E-04
 -0.788117886     -0.615524352      -1.63941775E-04
 -0.752300262     -0.658820391       1.14748538E-04
 -0.728968620     -0.684547126       4.50428837E-04
 -0.704757631     -0.709448099       8.35324114E-04
 -0.663796067     -0.747913599       1.19108346E-03
 -0.637423992     -0.770513237       8.90999858E-04
 -0.610283017     -0.792183459      -6.01463289E-05
 -0.564823449     -0.825211763      -3.14335688E-03
 -0.535826802     -0.844327927      -5.76183666E-03
 -0.506183803     -0.862425625      -8.28568637E-03
 -0.456943184     -0.889495909      -9.68149304E-03
 -0.425779283     -0.904827058      -6.80148089E-03
 -0.394101828     -0.919066787       7.20263575E-04
 -0.341856629     -0.939752102       2.62068938E-02
 -0.309017003     -0.951056540       5.17691970E-02
 -0.275804609     -0.961213708       8.52082297E-02
 -0.221378833     -0.975187898      0.154465497    
 -0.187381312     -0.982287228      0.204348072    
 -0.153157771     -0.988201737      0.257026464    
  -9.74097401E-02 -0.995244384      0.341352105    
  -6.27905205E-02 -0.998026729      0.388468564    
  -2.80955620E-02 -0.999605238      0.428705812    
   2.80955620E-02 -0.999605238      0.474277824    
   6.27905205E-02 -0.998026729      0.488478243    
   9.74097401E-02 -0.995244384      0.491584718    
  0.153157771     -0.988201737      0.474451780    
  0.187381312     -0.982287228      0.452042967    
  0.221378833     -0.975187898      0.422535598    
  0.275804609     -0.961213708      0.364524633    
  0.309017003     -0.951056540      0.325296789    
  0.341856629     -0.939752102      0.285526067    
  0.394101828     -0.919066787      0.223563403    
  0.425779283     -0.904827058      0.188375026    
  0.456943184     -0.889495909      0.156408072    
  0.506183803     -0.862425625      0.112327628    
  0.535826802     -0.844327927       8.98853838E-02
  0.564823449     -0.825211763       7.09692240E-02
  0.610283017     -0.792183459       4.71056774E-02
  0.637423992     -0.770513237       3.59638259E-02
  0.663796067     -0.747913599       2.71073859E-02
  0.704757631     -0.709448099       1.67179611E-02
  0.728968620     -0.684547126       1.22226868E-02
  0.752300262     -0.658820391       8.82724207E-03
  0.788117886     -0.615524352       5.07859513E-03
  0.809017003     -0.587785244       3.55653069E-03
  0.828940272     -0.559337139       2.47210008E-03
  0.859048963     -0.511893392       1.33733824E-03
  0.876306653     -0.481753677       8.93032528E-04
  0.892507374     -0.451032847       5.96048776E-04
  0.916432381     -0.400189579       3.07782087E-04
  0.929776490     -0.368124545       1.99174334E-04
  0.941999078     -0.335615486       1.24539089E-04
  0.959363103     -0.282174528       6.04467205E-05
  0.968583167     -0.248689890       3.98245866E-05
  0.976634920     -0.214905262       2.38796529E-05
  0.987164080     -0.159709439       1.02744743E-05
  0.992114723     -0.125333235       6.65093012E-06
  0.995868623      -9.08058509E-02   3.86526108E-06
  0.999396861      -3.47256102E-02   2.10773078E-06
   1.00000000      -2.44929371E-16   3.13612463E-06
