   1.00000000       0.00000000      -6.60159503E-06
  0.999396861       3.47256102E-02  -5.48113746E-07
  0.995868623       9.08058509E-02   4.62472190E-06
  0.992114723      0.125333235      -2.45172964E-06
  0.987164080      0.159709439      -3.20578124E-06
  0.976634920      0.214905262       1.19401705E-07
  0.968583167      0.248689890       4.83850636E-06
  0.959363103      0.282174528       1.38028793E-06
  0.941999078      0.335615486      -4.61687796E-06
  0.929776490      0.368124545       4.64125787E-06
  0.916432381      0.400189579       1.34450352E-06
  0.892507374      0.451032847       1.23867025E-07
  0.876306653      0.481753677      -1.03776483E-06
  0.859048963      0.511893392      -1.49383663E-06
  0.828940272      0.559337139       2.54370025E-06
  0.809017003      0.587785244      -3.18986349E-06
  0.788117886      0.615524352       3.98490357E-07
  0.752300262      0.658820391       1.16953103E-07
  0.728968620      0.684547126      -8.71377097E-07
  0.704757631      0.709448099       2.06844061E-06
  0.663796067      0.747913599       3.56882697E-06
  0.637423992      0.770513237       6.04822026E-06
  0.610283017      0.792183459       5.76387902E-06
  0.564823449      0.825211763       1.94453660E-05
  0.535826802      0.844327927       3.29648028E-05
  0.506183803      0.862425625       4.78046350E-05
  0.456943184      0.889495909       9.71216796E-05
  0.425779283      0.904827058       1.56830560E-04
  0.394101828      0.919066787       2.46999698E-04
  0.341856629      0.939752102       4.79489012E-04
  0.309017003      0.951056540       7.21601129E-04
  0.275804609      0.961213708       1.08159217E-03
  0.221378833      0.975187898       2.02199281E-03
  0.187381312      0.982287228       2.92523531E-03
  0.153157771      0.988201737       4.19170922E-03
   9.74097401E-02  0.995244384       7.34784408E-03
   6.27905205E-02  0.998026729       1.02336807E-02
   2.80955620E-02  0.999605238       1.40841603E-02
  -2.80955620E-02  0.999605238       2.30447333E-02
  -6.27905205E-02  0.998026729       3.07620969E-02
  -9.74097401E-02  0.995244384       4.05610651E-02
 -0.153157771      0.988201737       6.17670007E-02
 -0.187381312      0.982287228       7.87707642E-02
 -0.221378833      0.975187898       9.91441011E-02
 -0.275804609      0.961213708      0.139750689    
 -0.309017003      0.951056540      0.169640750    
 -0.341856629      0.939752102      0.202967241    
 -0.394101828      0.919066787      0.262858301    
 -0.425779283      0.904827058      0.302196652    
 -0.456943184      0.889495909      0.341843843    
 -0.506183803      0.862425625      0.402702153    
 -0.535826802      0.844327927      0.435432196    
 -0.564823449      0.825211763      0.462161034    
 -0.610283017      0.792183459      0.488215357    
 -0.637423992      0.770513237      0.491443992    
 -0.663796067      0.747913599      0.483789653    
 -0.704757631      0.709448099      0.448146880    
 -0.728968620      0.684547126      0.412966996    
 -0.752300262      0.658820391      0.369635344    
 -0.788117886      0.615524352      0.288118869    
 -0.809017003      0.587785244      0.234979153    
 -0.828940272      0.559337139      0.183077842    
 -0.859048963      0.511893392      0.108004048    
 -0.876306653      0.481753677       7.00256824E-02
 -0.892507374      0.451032847       3.97453234E-02
 -0.916432381      0.400189579       7.31497398E-03
 -0.929776490      0.368124545      -3.57100298E-03
 -0.941999078      0.335615486      -8.92700627E-03
 -0.959363103      0.282174528      -9.68271028E-03
 -0.968583167      0.248689890      -7.55354669E-03
 -0.976634920      0.214905262      -4.85873595E-03
 -0.987164080      0.159709439      -1.14972237E-03
 -0.992114723      0.125333235       2.70437042E-04
 -0.995868623       9.08058509E-02   1.04021828E-03
 -0.999396861       3.47256102E-02   1.40943262E-03
  -1.00000000       1.22464685E-16   1.43204117E-03
 -0.999396861      -3.47256102E-02   1.40943262E-03
 -0.995868623      -9.08058509E-02   1.04021828E-03
 -0.992114723     -0.125333235       2.70437042E-04
 -0.987164080     -0.159709439      -1.14972237E-03
 -0.976634920     -0.214905262      -4.85873595E-03
 -0.968583167     -0.248689890      -7.55354669E-03
 -0.959363103     -0.282174528      -9.68271028E-03
 -0.941999078     -0.335615486      -8.92700627E-03
 -0.929776490     -0.368124545      -3.57100298E-03
 -0.916432381     -0.400189579       7.31497398E-03
 -0.892507374     -0.451032847       3.97453234E-02
 -0.876306653     -0.481753677       7.00256824E-02
 -0.859048963     -0.511893392      0.108004048    
 -0.828940272     -0.559337139      0.183077842    
 -0.809017003     -0.587785244      0.234979153    
 -0.788117886     -0.615524352      0.288118869    
 -0.752300262     -0.658820391      0.369635344    
 -0.728968620     -0.684547126      0.412966996    
 -0.704757631     -0.709448099      0.448146880    
 -0.663796067     -0.747913599      0.483789653    
 -0.637423992     -0.770513237      0.491443992    
 -0.610283017     -0.792183459      0.488215357    
 -0.564823449     -0.825211763      0.462161034    
 -0.535826802     -0.844327927      0.435432196    
 -0.506183803     -0.862425625      0.402702153    
 -0.456943184     -0.889495909      0.341843843    
 -0.425779283     -0.904827058      0.302196652    
 -0.394101828     -0.919066787      0.262858301    
 -0.341856629     -0.939752102      0.202967241    
 -0.309017003     -0.951056540      0.169640750    
 -0.275804609     -0.961213708      0.139750689    
 -0.221378833     -0.975187898       9.91441011E-02
 -0.187381312     -0.982287228       7.87707642E-02
 -0.153157771     -0.988201737       6.17670007E-02
  -9.74097401E-02 -0.995244384       4.05610651E-02
  -6.27905205E-02 -0.998026729       3.07620969E-02
  -2.80955620E-02 -0.999605238       2.30447333E-02
   2.80955620E-02 -0.999605238       1.40841603E-02
   6.27905205E-02 -0.998026729       1.02336807E-02
   9.74097401E-02 -0.995244384       7.34784408E-03
  0.153157771     -0.988201737       4.19170922E-03
  0.187381312     -0.982287228       2.92523531E-03
  0.221378833     -0.975187898       2.02199281E-03
  0.275804609     -0.961213708       1.08159217E-03
  0.309017003     -0.951056540       7.21601129E-04
  0.341856629     -0.939752102       4.79489012E-04
  0.394101828     -0.919066787       2.46999698E-04
  0.425779283     -0.904827058       1.56830560E-04
  0.456943184     -0.889495909       9.71216796E-05
  0.506183803     -0.862425625       4.78046350E-05
  0.535826802     -0.844327927       3.29648028E-05
  0.564823449     -0.825211763       1.94453660E-05
  0.610283017     -0.792183459       5.76387902E-06
  0.637423992     -0.770513237       6.04822026E-06
  0.663796067     -0.747913599       3.56882697E-06
  0.704757631     -0.709448099       2.06844061E-06
  0.728968620     -0.684547126      -8.71377097E-07
  0.752300262     -0.658820391       1.16953103E-07
  0.788117886     -0.615524352       3.98490357E-07
  0.809017003     -0.587785244      -3.18986349E-06
  0.828940272     -0.559337139       2.54370025E-06
  0.859048963     -0.511893392      -1.49383663E-06
  0.876306653     -0.481753677      -1.03776483E-06
  0.892507374     -0.451032847       1.23867025E-07
  0.916432381     -0.400189579       1.34450352E-06
  0.929776490     -0.368124545       4.64125787E-06
  0.941999078     -0.335615486      -4.61687796E-06
  0.959363103     -0.282174528       1.38028793E-06
  0.968583167     -0.248689890       4.83850636E-06
  0.976634920     -0.214905262       1.19401705E-07
  0.987164080     -0.159709439      -3.20578124E-06
  0.992114723     -0.125333235      -2.45172964E-06
  0.995868623      -9.08058509E-02   4.62472190E-06
  0.999396861      -3.47256102E-02  -5.48113746E-07
   1.00000000      -2.44929371E-16  -6.60159503E-06
