   1.00000000       0.00000000      -1.93242386E-06
  0.999396861       3.47256102E-02  -1.32718799E-06
  0.995868623       9.08058509E-02   4.15790328E-06
  0.992114723      0.125333235      -2.08469896E-06
  0.987164080      0.159709439      -3.44485875E-06
  0.976634920      0.214905262       2.07716812E-06
  0.968583167      0.248689890       4.68554987E-07
  0.959363103      0.282174528       8.34271077E-07
  0.941999078      0.335615486      -3.51928929E-06
  0.929776490      0.368124545       3.69252052E-06
  0.916432381      0.400189579       2.08538836E-06
  0.892507374      0.451032847      -1.81775874E-06
  0.876306653      0.481753677       1.67432631E-06
  0.859048963      0.511893392      -1.01995931E-06
  0.828940272      0.559337139       1.79203573E-06
  0.809017003      0.587785244      -1.11602264E-06
  0.788117886      0.615524352      -4.74642832E-07
  0.752300262      0.658820391      -7.51756488E-07
  0.728968620      0.684547126      -9.61275305E-07
  0.704757631      0.709448099       2.74130616E-06
  0.663796067      0.747913599      -2.05908214E-06
  0.637423992      0.770513237      -1.42872295E-06
  0.610283017      0.792183459       2.88660942E-07
  0.564823449      0.825211763       2.99900148E-06
  0.535826802      0.844327927      -1.52498785E-06
  0.506183803      0.862425625      -3.61404841E-06
  0.456943184      0.889495909       3.94734889E-06
  0.425779283      0.904827058       1.41743317E-06
  0.394101828      0.919066787       2.04703065E-06
  0.341856629      0.939752102       2.09911536E-06
  0.309017003      0.951056540       1.15260773E-05
  0.275804609      0.961213708       1.87824917E-05
  0.221378833      0.975187898       3.34961005E-05
  0.187381312      0.982287228       6.11569121E-05
  0.153157771      0.988201737       9.48741945E-05
   9.74097401E-02  0.995244384       2.14180007E-04
   6.27905205E-02  0.998026729       3.31413903E-04
   2.80955620E-02  0.999605238       5.15378080E-04
  -2.80955620E-02  0.999605238       1.04771729E-03
  -6.27905205E-02  0.998026729       1.58347515E-03
  -9.74097401E-02  0.995244384       2.37467303E-03
 -0.153157771      0.988201737       4.43069730E-03
 -0.187381312      0.982287228       6.42052712E-03
 -0.221378833      0.975187898       9.18080565E-03
 -0.275804609      0.961213708       1.58887021E-02
 -0.309017003      0.951056540       2.19259132E-02
 -0.341856629      0.939752102       2.98356134E-02
 -0.394101828      0.919066787       4.76646572E-02
 -0.425779283      0.904827058       6.24836832E-02
 -0.456943184      0.889495909       8.07079524E-02
 -0.506183803      0.862425625      0.118279919    
 -0.535826802      0.844327927      0.146779358    
 -0.564823449      0.825211763      0.179266289    
 -0.610283017      0.792183459      0.239279792    
 -0.637423992      0.770513237      0.279748321    
 -0.663796067      0.747913599      0.321384430    
 -0.704757631      0.709448099      0.387092888    
 -0.728968620      0.684547126      0.423655301    
 -0.752300262      0.658820391      0.454643726    
 -0.788117886      0.615524352      0.487936854    
 -0.809017003      0.587785244      0.495511860    
 -0.828940272      0.559337139      0.491880536    
 -0.859048963      0.511893392      0.461844474    
 -0.876306653      0.481753677      0.429471880    
 -0.892507374      0.451032847      0.388455719    
 -0.916432381      0.400189579      0.309799403    
 -0.929776490      0.368124545      0.257937551    
 -0.941999078      0.335615486      0.206943572    
 -0.959363103      0.282174528      0.132392868    
 -0.968583167      0.248689890       9.40212160E-02
 -0.976634920      0.214905262       6.26459420E-02
 -0.987164080      0.159709439       2.67192107E-02
 -0.992114723      0.125333235       1.26343928E-02
 -0.995868623       9.08058509E-02   3.47716943E-03
 -0.999396861       3.47256102E-02  -3.74706066E-03
  -1.00000000       1.22464685E-16  -4.84313536E-03
 -0.999396861      -3.47256102E-02  -3.74706066E-03
 -0.995868623      -9.08058509E-02   3.47716943E-03
 -0.992114723     -0.125333235       1.26343928E-02
 -0.987164080     -0.159709439       2.67192107E-02
 -0.976634920     -0.214905262       6.26459420E-02
 -0.968583167     -0.248689890       9.40212160E-02
 -0.959363103     -0.282174528      0.132392868    
 -0.941999078     -0.335615486      0.206943572    
 -0.929776490     -0.368124545      0.257937551    
 -0.916432381     -0.400189579      0.309799403    
 -0.892507374     -0.451032847      0.388455719    
 -0.876306653     -0.481753677      0.429471880    
 -0.859048963     -0.511893392      0.461844474    
 -0.828940272     -0.559337139      0.491880536    
 -0.809017003     -0.587785244      0.495511860    
 -0.788117886     -0.615524352      0.487936854    
 -0.752300262     -0.658820391      0.454643726    
 -0.728968620     -0.684547126      0.423655301    
 -0.704757631     -0.709448099      0.387092888    
 -0.663796067     -0.747913599      0.321384430    
 -0.637423992     -0.770513237      0.279748321    
 -0.610283017     -0.792183459      0.239279792    
 -0.564823449     -0.825211763      0.179266289    
 -0.535826802     -0.844327927      0.146779358    
 -0.506183803     -0.862425625      0.118279919    
 -0.456943184     -0.889495909       8.07079524E-02
 -0.425779283     -0.904827058       6.24836832E-02
 -0.394101828     -0.919066787       4.76646572E-02
 -0.341856629     -0.939752102       2.98356134E-02
 -0.309017003     -0.951056540       2.19259132E-02
 -0.275804609     -0.961213708       1.58887021E-02
 -0.221378833     -0.975187898       9.18080565E-03
 -0.187381312     -0.982287228       6.42052712E-03
 -0.153157771     -0.988201737       4.43069730E-03
  -9.74097401E-02 -0.995244384       2.37467303E-03
  -6.27905205E-02 -0.998026729       1.58347515E-03
  -2.80955620E-02 -0.999605238       1.04771729E-03
   2.80955620E-02 -0.999605238       5.15378080E-04
   6.27905205E-02 -0.998026729       3.31413903E-04
   9.74097401E-02 -0.995244384       2.14180007E-04
  0.153157771     -0.988201737       9.48741945E-05
  0.187381312     -0.982287228       6.11569121E-05
  0.221378833     -0.975187898       3.34961005E-05
  0.275804609     -0.961213708       1.87824917E-05
  0.309017003     -0.951056540       1.15260773E-05
  0.341856629     -0.939752102       2.09911536E-06
  0.394101828     -0.919066787       2.04703065E-06
  0.425779283     -0.904827058       1.41743317E-06
  0.456943184     -0.889495909       3.94734889E-06
  0.506183803     -0.862425625      -3.61404841E-06
  0.535826802     -0.844327927      -1.52498785E-06
  0.564823449     -0.825211763       2.99900148E-06
  0.610283017     -0.792183459       2.88660942E-07
  0.637423992     -0.770513237      -1.42872295E-06
  0.663796067     -0.747913599      -2.05908214E-06
  0.704757631     -0.709448099       2.74130616E-06
  0.728968620     -0.684547126      -9.61275305E-07
  0.752300262     -0.658820391      -7.51756488E-07
  0.788117886     -0.615524352      -4.74642832E-07
  0.809017003     -0.587785244      -1.11602264E-06
  0.828940272     -0.559337139       1.79203573E-06
  0.859048963     -0.511893392      -1.01995931E-06
  0.876306653     -0.481753677       1.67432631E-06
  0.892507374     -0.451032847      -1.81775874E-06
  0.916432381     -0.400189579       2.08538836E-06
  0.929776490     -0.368124545       3.69252052E-06
  0.941999078     -0.335615486      -3.51928929E-06
  0.959363103     -0.282174528       8.34271077E-07
  0.968583167     -0.248689890       4.68554987E-07
  0.976634920     -0.214905262       2.07716812E-06
  0.987164080     -0.159709439      -3.44485875E-06
  0.992114723     -0.125333235      -2.08469896E-06
  0.995868623      -9.08058509E-02   4.15790328E-06
  0.999396861      -3.47256102E-02  -1.32718799E-06
   1.00000000      -2.44929371E-16  -1.93242386E-06
