   1.00000000       0.00000000      0.767357409    
  0.999396861       3.47256102E-02  0.760602057    
  0.995868623       9.08058509E-02  0.722609043    
  0.992114723      0.125333235      0.684920669    
  0.987164080      0.159709439      0.639135301    
  0.976634920      0.214905262      0.554686964    
  0.968583167      0.248689890      0.500199854    
  0.959363103      0.282174528      0.446578473    
  0.941999078      0.335615486      0.365434408    
  0.929776490      0.368124545      0.320069373    
  0.916432381      0.400189579      0.278678656    
  0.892507374      0.451032847      0.219713777    
  0.876306653      0.481753677      0.187691718    
  0.859048963      0.511893392      0.158676133    
  0.828940272      0.559337139      0.117618017    
  0.809017003      0.587785244       9.57597867E-02
  0.788117886      0.615524352       7.66071230E-02
  0.752300262      0.658820391       5.13642691E-02
  0.728968620      0.684547126       3.91961038E-02
  0.704757631      0.709448099       2.94398628E-02
  0.663796067      0.747913599       1.80457141E-02
  0.637423992      0.770513237       1.31982071E-02
  0.610283017      0.792183459       9.60126519E-03
  0.564823449      0.825211763       5.67325670E-03
  0.535826802      0.844327927       4.07204777E-03
  0.506183803      0.862425625       2.89305532E-03
  0.456943184      0.889495909       1.59997377E-03
  0.425779283      0.904827058       1.07365137E-03
  0.394101828      0.919066787       7.11233122E-04
  0.341856629      0.939752102       3.62324819E-04
  0.309017003      0.951056540       2.29725905E-04
  0.275804609      0.961213708       1.46460894E-04
  0.221378833      0.975187898       7.71833365E-05
  0.187381312      0.982287228       5.75156955E-05
  0.153157771      0.988201737       3.46001652E-05
   9.74097401E-02  0.995244384       1.00530833E-05
   6.27905205E-02  0.998026729       1.07734350E-05
   2.80955620E-02  0.999605238       5.95623123E-06
  -2.80955620E-02  0.999605238       4.33914920E-06
  -6.27905205E-02  0.998026729      -4.10162193E-06
  -9.74097401E-02  0.995244384      -2.19994422E-06
 -0.153157771      0.988201737       5.49963443E-06
 -0.187381312      0.982287228      -2.67721839E-06
 -0.221378833      0.975187898      -1.16364731E-06
 -0.275804609      0.961213708      -1.88340152E-06
 -0.309017003      0.951056540       3.11142162E-06
 -0.341856629      0.939752102       3.48090680E-06
 -0.394101828      0.919066787      -5.24973439E-06
 -0.425779283      0.904827058       2.06758727E-06
 -0.456943184      0.889495909       3.09375878E-06
 -0.506183803      0.862425625      -1.46875266E-06
 -0.535826802      0.844327927       7.24585050E-08
 -0.564823449      0.825211763      -9.85935344E-07
 -0.610283017      0.792183459       2.56379803E-06
 -0.637423992      0.770513237      -5.64171160E-07
 -0.663796067      0.747913599      -3.31662727E-06
 -0.704757631      0.709448099       3.71541591E-06
 -0.728968620      0.684547126      -1.81938117E-06
 -0.752300262      0.658820391      -1.77568268E-06
 -0.788117886      0.615524352       7.56568966E-07
 -0.809017003      0.587785244      -4.70838700E-07
 -0.828940272      0.559337139       1.56910835E-06
 -0.859048963      0.511893392      -3.41637087E-06
 -0.876306653      0.481753677       2.45489355E-06
 -0.892507374      0.451032847       3.01286923E-06
 -0.916432381      0.400189579      -2.91398464E-06
 -0.929776490      0.368124545       5.18260102E-08
 -0.941999078      0.335615486       7.98187898E-07
 -0.959363103      0.282174528       1.85223303E-06
 -0.968583167      0.248689890      -3.25694259E-06
 -0.976634920      0.214905262      -2.17791535E-06
 -0.987164080      0.159709439       3.37832171E-06
 -0.992114723      0.125333235       1.24464975E-07
 -0.995868623       9.08058509E-02  -2.69929387E-06
 -0.999396861       3.47256102E-02   2.87036016E-07
  -1.00000000       1.22464685E-16   3.98535485E-06
 -0.999396861      -3.47256102E-02   2.87036016E-07
 -0.995868623      -9.08058509E-02  -2.69929387E-06
 -0.992114723     -0.125333235       1.24464975E-07
 -0.987164080     -0.159709439       3.37832171E-06
 -0.976634920     -0.214905262      -2.17791535E-06
 -0.968583167     -0.248689890      -3.25694259E-06
 -0.959363103     -0.282174528       1.85223303E-06
 -0.941999078     -0.335615486       7.98187898E-07
 -0.929776490     -0.368124545       5.18260102E-08
 -0.916432381     -0.400189579      -2.91398464E-06
 -0.892507374     -0.451032847       3.01286923E-06
 -0.876306653     -0.481753677       2.45489355E-06
 -0.859048963     -0.511893392      -3.41637087E-06
 -0.828940272     -0.559337139       1.56910835E-06
 -0.809017003     -0.587785244      -4.70838700E-07
 -0.788117886     -0.615524352       7.56568966E-07
 -0.752300262     -0.658820391      -1.77568268E-06
 -0.728968620     -0.684547126      -1.81938117E-06
 -0.704757631     -0.709448099       3.71541591E-06
 -0.663796067     -0.747913599      -3.31662727E-06
 -0.637423992     -0.770513237      -5.64171160E-07
 -0.610283017     -0.792183459       2.56379803E-06
 -0.564823449     -0.825211763      -9.85935344E-07
 -0.535826802     -0.844327927       7.24585050E-08
 -0.506183803     -0.862425625      -1.46875266E-06
 -0.456943184     -0.889495909       3.09375878E-06
 -0.425779283     -0.904827058       2.06758727E-06
 -0.394101828     -0.919066787      -5.24973439E-06
 -0.341856629     -0.939752102       3.48090680E-06
 -0.309017003     -0.951056540       3.11142185E-06
 -0.275804609     -0.961213708      -1.88340152E-06
 -0.221378833     -0.975187898      -1.16364731E-06
 -0.187381312     -0.982287228      -2.67721839E-06
 -0.153157771     -0.988201737       5.49963443E-06
  -9.74097401E-02 -0.995244384      -2.19994422E-06
  -6.27905205E-02 -0.998026729      -4.10162193E-06
  -2.80955620E-02 -0.999605238       4.33914920E-06
   2.80955620E-02 -0.999605238       5.95623123E-06
   6.27905205E-02 -0.998026729       1.07734350E-05
   9.74097401E-02 -0.995244384       1.00530833E-05
  0.153157771     -0.988201737       3.46001652E-05
  0.187381312     -0.982287228       5.75156955E-05
  0.221378833     -0.975187898       7.71833365E-05
  0.275804609     -0.961213708       1.46460894E-04
  0.309017003     -0.951056540       2.29725905E-04
  0.341856629     -0.939752102       3.62324819E-04
  0.394101828     -0.919066787       7.11233122E-04
  0.425779283     -0.904827058       1.07365137E-03
  0.456943184     -0.889495909       1.59997377E-03
  0.506183803     -0.862425625       2.89305532E-03
  0.535826802     -0.844327927       4.07204777E-03
  0.564823449     -0.825211763       5.67325670E-03
  0.610283017     -0.792183459       9.60126519E-03
  0.637423992     -0.770513237       1.31982071E-02
  0.663796067     -0.747913599       1.80457141E-02
  0.704757631     -0.709448099       2.94398628E-02
  0.728968620     -0.684547126       3.91961038E-02
  0.752300262     -0.658820391       5.13642691E-02
  0.788117886     -0.615524352       7.66071230E-02
  0.809017003     -0.587785244       9.57597867E-02
  0.828940272     -0.559337139      0.117618017    
  0.859048963     -0.511893392      0.158676133    
  0.876306653     -0.481753677      0.187691718    
  0.892507374     -0.451032847      0.219713777    
  0.916432381     -0.400189579      0.278678656    
  0.929776490     -0.368124545      0.320069373    
  0.941999078     -0.335615486      0.365434408    
  0.959363103     -0.282174528      0.446578473    
  0.968583167     -0.248689890      0.500199854    
  0.976634920     -0.214905262      0.554686964    
  0.987164080     -0.159709439      0.639135301    
  0.992114723     -0.125333235      0.684920669    
  0.995868623      -9.08058509E-02  0.722609043    
  0.999396861      -3.47256102E-02  0.760602057    
   1.00000000      -2.44929371E-16  0.767357409    
