   1.00000000       0.00000000      -7.33713205E-06
  0.999396861       3.47256102E-02   1.56242470E-06
  0.995868623       9.08058509E-02   6.84301540E-07
  0.992114723      0.125333235      -3.11294366E-06
  0.987164080      0.159709439       3.55465090E-07
  0.976634920      0.214905262      -2.22956714E-07
  0.968583167      0.248689890       3.43549982E-06
  0.959363103      0.282174528      -1.45527474E-06
  0.941999078      0.335615486      -2.49394731E-07
  0.929776490      0.368124545       5.27120073E-06
  0.916432381      0.400189579      -1.91927847E-06
  0.892507374      0.451032847       3.80636607E-08
  0.876306653      0.481753677       2.76730475E-06
  0.859048963      0.511893392      -6.61214983E-07
  0.828940272      0.559337139      -1.44142964E-09
  0.809017003      0.587785244      -2.07201651E-06
  0.788117886      0.615524352       1.56780050E-06
  0.752300262      0.658820391      -9.18612841E-07
  0.728968620      0.684547126      -3.22954111E-06
  0.704757631      0.709448099       2.60553088E-06
  0.663796067      0.747913599      -1.68568329E-06
  0.637423992      0.770513237      -3.90860322E-07
  0.610283017      0.792183459       9.86460009E-07
  0.564823449      0.825211763      -4.84171707E-08
  0.535826802      0.844327927       2.60623985E-08
  0.506183803      0.862425625      -1.18195078E-06
  0.456943184      0.889495909       2.27374812E-06
  0.425779283      0.904827058      -8.77877540E-07
  0.394101828      0.919066787      -2.67552696E-06
  0.341856629      0.939752102       2.90462117E-06
  0.309017003      0.951056540       6.43326302E-07
  0.275804609      0.961213708      -2.58555997E-06
  0.221378833      0.975187898       9.90125500E-07
  0.187381312      0.982287228       1.95661300E-06
  0.153157771      0.988201737       5.83044475E-08
   9.74097401E-02  0.995244384      -2.55689702E-06
   6.27905205E-02  0.998026729       1.84922646E-06
   2.80955620E-02  0.999605238       3.57309659E-06
  -2.80955620E-02  0.999605238      -4.50740845E-06
  -6.27905205E-02  0.998026729      -5.81692461E-07
  -9.74097401E-02  0.995244384       4.12400459E-06
 -0.153157771      0.988201737      -1.62281663E-06
 -0.187381312      0.982287228      -3.11416738E-06
 -0.221378833      0.975187898       2.91869640E-07
 -0.275804609      0.961213708       4.66110623E-06
 -0.309017003      0.951056540      -3.02644622E-07
 -0.341856629      0.939752102      -1.25191070E-06
 -0.394101828      0.919066787       1.73574026E-05
 -0.425779283      0.904827058       2.53291146E-05
 -0.456943184      0.889495909       3.96774849E-05
 -0.506183803      0.862425625       1.18796685E-04
 -0.535826802      0.844327927       2.18752743E-04
 -0.564823449      0.825211763       3.81466991E-04
 -0.610283017      0.792183459       9.04537272E-04
 -0.637423992      0.770513237       1.52396853E-03
 -0.663796067      0.747913599       2.50617368E-03
 -0.704757631      0.709448099       5.33578685E-03
 -0.728968620      0.684547126       8.30239523E-03
 -0.752300262      0.658820391       1.26709752E-02
 -0.788117886      0.615524352       2.40570065E-02
 -0.809017003      0.587785244       3.48179527E-02
 -0.828940272      0.559337139       4.94085327E-02
 -0.859048963      0.511893392       8.34742188E-02
 -0.876306653      0.481753677      0.112468928    
 -0.892507374      0.451032847      0.148556232    
 -0.916432381      0.400189579      0.223469540    
 -0.929776490      0.368124545      0.280280471    
 -0.941999078      0.335615486      0.344628751    
 -0.959363103      0.282174528      0.461657912    
 -0.968583167      0.248689890      0.538885534    
 -0.976634920      0.214905262      0.616636038    
 -0.987164080      0.159709439      0.735204995    
 -0.992114723      0.125333235      0.798431456    
 -0.995868623       9.08058509E-02  0.849919260    
 -0.999396861       3.47256102E-02  0.901319921    
  -1.00000000       1.22464685E-16  0.910403490    
 -0.999396861      -3.47256102E-02  0.901319921    
 -0.995868623      -9.08058509E-02  0.849919260    
 -0.992114723     -0.125333235      0.798431456    
 -0.987164080     -0.159709439      0.735204995    
 -0.976634920     -0.214905262      0.616636038    
 -0.968583167     -0.248689890      0.538885534    
 -0.959363103     -0.282174528      0.461657912    
 -0.941999078     -0.335615486      0.344628751    
 -0.929776490     -0.368124545      0.280280471    
 -0.916432381     -0.400189579      0.223469540    
 -0.892507374     -0.451032847      0.148556232    
 -0.876306653     -0.481753677      0.112468928    
 -0.859048963     -0.511893392       8.34742188E-02
 -0.828940272     -0.559337139       4.94085327E-02
 -0.809017003     -0.587785244       3.48179527E-02
 -0.788117886     -0.615524352       2.40570065E-02
 -0.752300262     -0.658820391       1.26709752E-02
 -0.728968620     -0.684547126       8.30239523E-03
 -0.704757631     -0.709448099       5.33578685E-03
 -0.663796067     -0.747913599       2.50617368E-03
 -0.637423992     -0.770513237       1.52396853E-03
 -0.610283017     -0.792183459       9.04537272E-04
 -0.564823449     -0.825211763       3.81466991E-04
 -0.535826802     -0.844327927       2.18752743E-04
 -0.506183803     -0.862425625       1.18796685E-04
 -0.456943184     -0.889495909       3.96774849E-05
 -0.425779283     -0.904827058       2.53291146E-05
 -0.394101828     -0.919066787       1.73574026E-05
 -0.341856629     -0.939752102      -1.25191070E-06
 -0.309017003     -0.951056540      -3.02644622E-07
 -0.275804609     -0.961213708       4.66110623E-06
 -0.221378833     -0.975187898       2.91869640E-07
 -0.187381312     -0.982287228      -3.11416738E-06
 -0.153157771     -0.988201737      -1.62281663E-06
  -9.74097401E-02 -0.995244384       4.12400459E-06
  -6.27905205E-02 -0.998026729      -5.81692461E-07
  -2.80955620E-02 -0.999605238      -4.50740845E-06
   2.80955620E-02 -0.999605238       3.57309659E-06
   6.27905205E-02 -0.998026729       1.84922646E-06
   9.74097401E-02 -0.995244384      -2.55689702E-06
  0.153157771     -0.988201737       5.83044475E-08
  0.187381312     -0.982287228       1.95661300E-06
  0.221378833     -0.975187898       9.90125500E-07
  0.275804609     -0.961213708      -2.58555997E-06
  0.309017003     -0.951056540       6.43326302E-07
  0.341856629     -0.939752102       2.90462117E-06
  0.394101828     -0.919066787      -2.67552696E-06
  0.425779283     -0.904827058      -8.77877540E-07
  0.456943184     -0.889495909       2.27374812E-06
  0.506183803     -0.862425625      -1.18195078E-06
  0.535826802     -0.844327927       2.60623985E-08
  0.564823449     -0.825211763      -4.84171707E-08
  0.610283017     -0.792183459       9.86460009E-07
  0.637423992     -0.770513237      -3.90860322E-07
  0.663796067     -0.747913599      -1.68568329E-06
  0.704757631     -0.709448099       2.60553088E-06
  0.728968620     -0.684547126      -3.22954111E-06
  0.752300262     -0.658820391      -9.18612841E-07
  0.788117886     -0.615524352       1.56780050E-06
  0.809017003     -0.587785244      -2.07201651E-06
  0.828940272     -0.559337139      -1.44142975E-09
  0.859048963     -0.511893392      -6.61214983E-07
  0.876306653     -0.481753677       2.76730475E-06
  0.892507374     -0.451032847       3.80636607E-08
  0.916432381     -0.400189579      -1.91927847E-06
  0.929776490     -0.368124545       5.27120073E-06
  0.941999078     -0.335615486      -2.49394731E-07
  0.959363103     -0.282174528      -1.45527474E-06
  0.968583167     -0.248689890       3.43549982E-06
  0.976634920     -0.214905262      -2.22956714E-07
  0.987164080     -0.159709439       3.55465090E-07
  0.992114723     -0.125333235      -3.11294366E-06
  0.995868623      -9.08058509E-02   6.84301540E-07
  0.999396861      -3.47256102E-02   1.56242470E-06
   1.00000000      -2.44929371E-16  -7.33713205E-06
