   1.00000000       0.00000000      0.294373572    
  0.999396861       3.47256102E-02  0.298691213    
  0.995868623       9.08058509E-02  0.322934210    
  0.992114723      0.125333235      0.346764117    
  0.987164080      0.159709439      0.375207901    
  0.976634920      0.214905262      0.425052583    
  0.968583167      0.248689890      0.453995228    
  0.959363103      0.282174528      0.478293240    
  0.941999078      0.335615486      0.501639307    
  0.929776490      0.368124545      0.503277957    
  0.916432381      0.400189579      0.493932605    
  0.892507374      0.451032847      0.455678463    
  0.876306653      0.481753677      0.419431418    
  0.859048963      0.511893392      0.375827253    
  0.828940272      0.559337139      0.296139628    
  0.809017003      0.587785244      0.245592043    
  0.788117886      0.615524352      0.197090581    
  0.752300262      0.658820391      0.128012627    
  0.728968620      0.684547126       9.31392759E-02
  0.704757631      0.709448099       6.48621842E-02
  0.663796067      0.747913599       3.24731953E-02
  0.637423992      0.770513237       1.95608046E-02
  0.610283017      0.792183459       1.09295351E-02
  0.564823449      0.825211763       3.41718318E-03
  0.535826802      0.844327927       1.31727743E-03
  0.506183803      0.862425625       3.15589306E-04
  0.456943184      0.889495909      -1.26337502E-04
  0.425779283      0.904827058      -1.15004004E-04
  0.394101828      0.919066787      -6.88889850E-05
  0.341856629      0.939752102      -1.02987760E-05
  0.309017003      0.951056540       8.43383077E-06
  0.275804609      0.961213708       1.66015252E-05
  0.221378833      0.975187898       9.73283250E-07
  0.187381312      0.982287228      -3.95455390E-06
  0.153157771      0.988201737       2.38605890E-06
   9.74097401E-02  0.995244384      -5.58509292E-08
   6.27905205E-02  0.998026729      -1.26058410E-06
   2.80955620E-02  0.999605238      -1.83033990E-06
  -2.80955620E-02  0.999605238       1.44378510E-06
  -6.27905205E-02  0.998026729       1.46713285E-06
  -9.74097401E-02  0.995244384      -9.15216049E-07
 -0.153157771      0.988201737       1.85106984E-07
 -0.187381312      0.982287228      -8.09070059E-07
 -0.221378833      0.975187898       1.22766872E-08
 -0.275804609      0.961213708       7.53081565E-07
 -0.309017003      0.951056540       7.45131558E-07
 -0.341856629      0.939752102      -1.74610443E-06
 -0.394101828      0.919066787       9.95426262E-07
 -0.425779283      0.904827058       2.44225316E-06
 -0.456943184      0.889495909      -1.01828755E-06
 -0.506183803      0.862425625      -7.85165071E-07
 -0.535826802      0.844327927      -3.39169560E-07
 -0.564823449      0.825211763       2.27791134E-06
 -0.610283017      0.792183459      -1.87381056E-06
 -0.637423992      0.770513237      -1.64842027E-06
 -0.663796067      0.747913599       1.25394195E-06
 -0.704757631      0.709448099       6.13402904E-07
 -0.728968620      0.684547126      -4.30778151E-08
 -0.752300262      0.658820391      -1.82606732E-06
 -0.788117886      0.615524352       1.60854950E-06
 -0.809017003      0.587785244       2.90028737E-07
 -0.828940272      0.559337139      -1.26077040E-07
 -0.859048963      0.511893392      -1.92460152E-06
 -0.876306653      0.481753677       8.11892448E-07
 -0.892507374      0.451032847       3.10426685E-06
 -0.916432381      0.400189579      -2.87613693E-06
 -0.929776490      0.368124545      -1.00888428E-06
 -0.941999078      0.335615486       9.87964313E-07
 -0.959363103      0.282174528       2.57216720E-06
 -0.968583167      0.248689890      -3.21819607E-06
 -0.976634920      0.214905262      -3.96203359E-06
 -0.987164080      0.159709439       5.47047284E-06
 -0.992114723      0.125333235       8.27425708E-07
 -0.995868623       9.08058509E-02  -4.70172881E-06
 -0.999396861       3.47256102E-02   8.89906346E-07
  -1.00000000       1.22464685E-16   5.04135915E-06
 -0.999396861      -3.47256102E-02   8.89906346E-07
 -0.995868623      -9.08058509E-02  -4.70172881E-06
 -0.992114723     -0.125333235       8.27425708E-07
 -0.987164080     -0.159709439       5.47047284E-06
 -0.976634920     -0.214905262      -3.96203359E-06
 -0.968583167     -0.248689890      -3.21819607E-06
 -0.959363103     -0.282174528       2.57216720E-06
 -0.941999078     -0.335615486       9.87964313E-07
 -0.929776490     -0.368124545      -1.00888428E-06
 -0.916432381     -0.400189579      -2.87613693E-06
 -0.892507374     -0.451032847       3.10426685E-06
 -0.876306653     -0.481753677       8.11892505E-07
 -0.859048963     -0.511893392      -1.92460152E-06
 -0.828940272     -0.559337139      -1.26077040E-07
 -0.809017003     -0.587785244       2.90028737E-07
 -0.788117886     -0.615524352       1.60854950E-06
 -0.752300262     -0.658820391      -1.82606732E-06
 -0.728968620     -0.684547126      -4.30778151E-08
 -0.704757631     -0.709448099       6.13402904E-07
 -0.663796067     -0.747913599       1.25394195E-06
 -0.637423992     -0.770513237      -1.64842027E-06
 -0.610283017     -0.792183459      -1.87381056E-06
 -0.564823449     -0.825211763       2.27791134E-06
 -0.535826802     -0.844327927      -3.39169560E-07
 -0.506183803     -0.862425625      -7.85165071E-07
 -0.456943184     -0.889495909      -1.01828755E-06
 -0.425779283     -0.904827058       2.44225316E-06
 -0.394101828     -0.919066787       9.95426262E-07
 -0.341856629     -0.939752102      -1.74610443E-06
 -0.309017003     -0.951056540       7.45131558E-07
 -0.275804609     -0.961213708       7.53081565E-07
 -0.221378833     -0.975187898       1.22766872E-08
 -0.187381312     -0.982287228      -8.09070059E-07
 -0.153157771     -0.988201737       1.85106984E-07
  -9.74097401E-02 -0.995244384      -9.15216049E-07
  -6.27905205E-02 -0.998026729       1.46713285E-06
  -2.80955620E-02 -0.999605238       1.44378510E-06
   2.80955620E-02 -0.999605238      -1.83033990E-06
   6.27905205E-02 -0.998026729      -1.26058410E-06
   9.74097401E-02 -0.995244384      -5.58509292E-08
  0.153157771     -0.988201737       2.38605890E-06
  0.187381312     -0.982287228      -3.95455390E-06
  0.221378833     -0.975187898       9.73283250E-07
  0.275804609     -0.961213708       1.66015252E-05
  0.309017003     -0.951056540       8.43383077E-06
  0.341856629     -0.939752102      -1.02987760E-05
  0.394101828     -0.919066787      -6.88889850E-05
  0.425779283     -0.904827058      -1.15004004E-04
  0.456943184     -0.889495909      -1.26337502E-04
  0.506183803     -0.862425625       3.15589306E-04
  0.535826802     -0.844327927       1.31727743E-03
  0.564823449     -0.825211763       3.41718318E-03
  0.610283017     -0.792183459       1.09295351E-02
  0.637423992     -0.770513237       1.95608046E-02
  0.663796067     -0.747913599       3.24731953E-02
  0.704757631     -0.709448099       6.48621842E-02
  0.728968620     -0.684547126       9.31392759E-02
  0.752300262     -0.658820391      0.128012627    
  0.788117886     -0.615524352      0.197090581    
  0.809017003     -0.587785244      0.245592043    
  0.828940272     -0.559337139      0.296139628    
  0.859048963     -0.511893392      0.375827253    
  0.876306653     -0.481753677      0.419431418    
  0.892507374     -0.451032847      0.455678463    
  0.916432381     -0.400189579      0.493932605    
  0.929776490     -0.368124545      0.503277957    
  0.941999078     -0.335615486      0.501639307    
  0.959363103     -0.282174528      0.478293240    
  0.968583167     -0.248689890      0.453995228    
  0.976634920     -0.214905262      0.425052583    
  0.987164080     -0.159709439      0.375207901    
  0.992114723     -0.125333235      0.346764117    
  0.995868623      -9.08058509E-02  0.322934210    
  0.999396861      -3.47256102E-02  0.298691213    
   1.00000000      -2.44929371E-16  0.294373572    
