   1.00000000       0.00000000      -2.41955968E-06
  0.999396861       3.47256102E-02  -8.55375959E-07
  0.995868623       9.08058509E-02   2.92001664E-06
  0.992114723      0.125333235       5.43152680E-07
  0.987164080      0.159709439      -2.23134589E-06
  0.976634920      0.214905262       1.36314895E-06
  0.968583167      0.248689890       2.05180663E-06
  0.959363103      0.282174528       2.99530279E-06
  0.941999078      0.335615486       5.51939820E-06
  0.929776490      0.368124545       7.91306593E-06
  0.916432381      0.400189579       1.55147427E-05
  0.892507374      0.451032847       3.98701486E-05
  0.876306653      0.481753677       6.25414104E-05
  0.859048963      0.511893392       9.39688398E-05
  0.828940272      0.559337139       2.08866142E-04
  0.809017003      0.587785244       3.30876443E-04
  0.788117886      0.615524352       5.07772143E-04
  0.752300262      0.658820391       1.00115163E-03
  0.728968620      0.684547126       1.51070021E-03
  0.704757631      0.709448099       2.25652265E-03
  0.663796067      0.747913599       4.16397350E-03
  0.637423992      0.770513237       5.99790644E-03
  0.610283017      0.792183459       8.54281615E-03
  0.564823449      0.825211763       1.47088589E-02
  0.535826802      0.844327927       2.02365108E-02
  0.506183803      0.862425625       2.74752621E-02
  0.456943184      0.889495909       4.38204780E-02
  0.425779283      0.904827058       5.74269854E-02
  0.394101828      0.919066787       7.41991103E-02
  0.341856629      0.939752102      0.108972035    
  0.309017003      0.951056540      0.135534301    
  0.275804609      0.961213708      0.166021347    
  0.221378833      0.975187898      0.223000228    
  0.187381312      0.982287228      0.261995405    
  0.153157771      0.988201737      0.302697808    
   9.74097401E-02  0.995244384      0.368528455    
   6.27905205E-02  0.998026729      0.406441987    
   2.80955620E-02  0.999605238      0.439883381    
  -2.80955620E-02  0.999605238      0.479424089    
  -6.27905205E-02  0.998026729      0.492038429    
  -9.74097401E-02  0.995244384      0.494019628    
 -0.153157771      0.988201737      0.473273009    
 -0.187381312      0.982287228      0.446067482    
 -0.221378833      0.975187898      0.409243733    
 -0.275804609      0.961213708      0.334461570    
 -0.309017003      0.951056540      0.282916635    
 -0.341856629      0.939752102      0.230674833    
 -0.394101828      0.919066787      0.151410818    
 -0.425779283      0.904827058      0.109084763    
 -0.456943184      0.889495909       7.35645145E-02
 -0.506183803      0.862425625       3.17600295E-02
 -0.535826802      0.844327927       1.51537107E-02
 -0.564823449      0.825211763       4.52868873E-03
 -0.610283017      0.792183459      -3.20023880E-03
 -0.637423992      0.770513237      -4.19861451E-03
 -0.663796067      0.747913599      -3.69688822E-03
 -0.704757631      0.709448099      -1.81954645E-03
 -0.728968620      0.684547126      -7.77090609E-04
 -0.752300262      0.658820391      -6.33394084E-05
 -0.788117886      0.615524352       3.79523874E-04
 -0.809017003      0.587785244       3.52229399E-04
 -0.828940272      0.559337139       2.32164282E-04
 -0.859048963      0.511893392       4.51516134E-05
 -0.876306653      0.481753677      -1.63602126E-05
 -0.892507374      0.451032847      -4.86190584E-05
 -0.916432381      0.400189579      -3.70949201E-05
 -0.929776490      0.368124545      -1.34698021E-05
 -0.941999078      0.335615486       2.12579562E-06
 -0.959363103      0.282174528       6.48912510E-06
 -0.968583167      0.248689890       1.04333071E-06
 -0.976634920      0.214905262       3.76923504E-06
 -0.987164080      0.159709439       1.39081692E-06
 -0.992114723      0.125333235      -2.08403594E-06
 -0.995868623       9.08058509E-02  -2.73025626E-06
 -0.999396861       3.47256102E-02   1.24369265E-07
  -1.00000000       1.22464685E-16   3.91916183E-06
 -0.999396861      -3.47256102E-02   1.24369265E-07
 -0.995868623      -9.08058509E-02  -2.73025626E-06
 -0.992114723     -0.125333235      -2.08403594E-06
 -0.987164080     -0.159709439       1.39081692E-06
 -0.976634920     -0.214905262       3.76923504E-06
 -0.968583167     -0.248689890       1.04333071E-06
 -0.959363103     -0.282174528       6.48912510E-06
 -0.941999078     -0.335615486       2.12579562E-06
 -0.929776490     -0.368124545      -1.34698021E-05
 -0.916432381     -0.400189579      -3.70949201E-05
 -0.892507374     -0.451032847      -4.86190584E-05
 -0.876306653     -0.481753677      -1.63602126E-05
 -0.859048963     -0.511893392       4.51516134E-05
 -0.828940272     -0.559337139       2.32164282E-04
 -0.809017003     -0.587785244       3.52229399E-04
 -0.788117886     -0.615524352       3.79523874E-04
 -0.752300262     -0.658820391      -6.33394084E-05
 -0.728968620     -0.684547126      -7.77090609E-04
 -0.704757631     -0.709448099      -1.81954645E-03
 -0.663796067     -0.747913599      -3.69688822E-03
 -0.637423992     -0.770513237      -4.19861451E-03
 -0.610283017     -0.792183459      -3.20023880E-03
 -0.564823449     -0.825211763       4.52868873E-03
 -0.535826802     -0.844327927       1.51537107E-02
 -0.506183803     -0.862425625       3.17600295E-02
 -0.456943184     -0.889495909       7.35645145E-02
 -0.425779283     -0.904827058      0.109084763    
 -0.394101828     -0.919066787      0.151410818    
 -0.341856629     -0.939752102      0.230674833    
 -0.309017003     -0.951056540      0.282916635    
 -0.275804609     -0.961213708      0.334461570    
 -0.221378833     -0.975187898      0.409243733    
 -0.187381312     -0.982287228      0.446067482    
 -0.153157771     -0.988201737      0.473273009    
  -9.74097401E-02 -0.995244384      0.494019628    
  -6.27905205E-02 -0.998026729      0.492038429    
  -2.80955620E-02 -0.999605238      0.479424089    
   2.80955620E-02 -0.999605238      0.439883381    
   6.27905205E-02 -0.998026729      0.406441987    
   9.74097401E-02 -0.995244384      0.368528455    
  0.153157771     -0.988201737      0.302697808    
  0.187381312     -0.982287228      0.261995405    
  0.221378833     -0.975187898      0.223000228    
  0.275804609     -0.961213708      0.166021347    
  0.309017003     -0.951056540      0.135534301    
  0.341856629     -0.939752102      0.108972035    
  0.394101828     -0.919066787       7.41991103E-02
  0.425779283     -0.904827058       5.74269854E-02
  0.456943184     -0.889495909       4.38204780E-02
  0.506183803     -0.862425625       2.74752621E-02
  0.535826802     -0.844327927       2.02365108E-02
  0.564823449     -0.825211763       1.47088589E-02
  0.610283017     -0.792183459       8.54281615E-03
  0.637423992     -0.770513237       5.99790644E-03
  0.663796067     -0.747913599       4.16397350E-03
  0.704757631     -0.709448099       2.25652265E-03
  0.728968620     -0.684547126       1.51070021E-03
  0.752300262     -0.658820391       1.00115163E-03
  0.788117886     -0.615524352       5.07772143E-04
  0.809017003     -0.587785244       3.30876443E-04
  0.828940272     -0.559337139       2.08866142E-04
  0.859048963     -0.511893392       9.39688398E-05
  0.876306653     -0.481753677       6.25414104E-05
  0.892507374     -0.451032847       3.98701486E-05
  0.916432381     -0.400189579       1.55147427E-05
  0.929776490     -0.368124545       7.91306593E-06
  0.941999078     -0.335615486       5.51939820E-06
  0.959363103     -0.282174528       2.99530279E-06
  0.968583167     -0.248689890       2.05180663E-06
  0.976634920     -0.214905262       1.36314895E-06
  0.987164080     -0.159709439      -2.23134589E-06
  0.992114723     -0.125333235       5.43152680E-07
  0.995868623      -9.08058509E-02   2.92001664E-06
  0.999396861      -3.47256102E-02  -8.55375959E-07
   1.00000000      -2.44929371E-16  -2.41955968E-06
