   1.00000000       0.00000000      0.941974223    
  0.999396861       3.47256102E-02  0.931227088    
  0.995868623       9.08058509E-02  0.870677352    
  0.992114723      0.125333235      0.810544312    
  0.987164080      0.159709439      0.737497687    
  0.976634920      0.214905262      0.603286028    
  0.968583167      0.248689890      0.517680824    
  0.959363103      0.282174528      0.434963882    
  0.941999078      0.335615486      0.315143168    
  0.929776490      0.368124545      0.252838016    
  0.916432381      0.400189579      0.200454310    
  0.892507374      0.451032847      0.135883838    
  0.876306653      0.481753677      0.106753841    
  0.859048963      0.511893392       8.41821432E-02
  0.828940272      0.559337139       5.79067953E-02
  0.809017003      0.587785244       4.60394174E-02
  0.788117886      0.615524352       3.64231467E-02
  0.752300262      0.658820391       2.42272373E-02
  0.728968620      0.684547126       1.83355007E-02
  0.704757631      0.709448099       1.35141453E-02
  0.663796067      0.747913599       7.74585595E-03
  0.637423992      0.770513237       5.30724600E-03
  0.610283017      0.792183459       3.56542529E-03
  0.564823449      0.825211763       1.85699447E-03
  0.535826802      0.844327927       1.25829189E-03
  0.506183803      0.862425625       8.69504525E-04
  0.456943184      0.889495909       4.93383675E-04
  0.425779283      0.904827058       3.38040263E-04
  0.394101828      0.919066787       2.28766337E-04
  0.341856629      0.939752102       1.07229040E-04
  0.309017003      0.951056540       5.56057385E-05
  0.275804609      0.961213708       3.19013379E-05
  0.221378833      0.975187898       1.60104137E-05
  0.187381312      0.982287228       9.59291174E-06
  0.153157771      0.988201737       3.10315704E-06
   9.74097401E-02  0.995244384       4.98239115E-06
   6.27905205E-02  0.998026729       9.41702910E-06
   2.80955620E-02  0.999605238      -5.65719574E-07
  -2.80955620E-02  0.999605238      -2.30083674E-06
  -6.27905205E-02  0.998026729       4.89703143E-06
  -9.74097401E-02  0.995244384       2.47509320E-06
 -0.153157771      0.988201737      -4.04445836E-06
 -0.187381312      0.982287228      -2.85724968E-06
 -0.221378833      0.975187898       5.47506670E-06
 -0.275804609      0.961213708      -1.80458892E-06
 -0.309017003      0.951056540      -7.80731352E-06
 -0.341856629      0.939752102       1.78024902E-06
 -0.394101828      0.919066787       3.89746856E-06
 -0.425779283      0.904827058      -3.28053557E-06
 -0.456943184      0.889495909      -5.63316144E-06
 -0.506183803      0.862425625       5.36167136E-06
 -0.535826802      0.844327927       6.02138789E-06
 -0.564823449      0.825211763      -4.90791444E-06
 -0.610283017      0.792183459      -1.93847245E-06
 -0.637423992      0.770513237       6.51484243E-06
 -0.663796067      0.747913599       3.76004232E-06
 -0.704757631      0.709448099      -6.14267583E-06
 -0.728968620      0.684547126      -2.38986104E-06
 -0.752300262      0.658820391       5.55448787E-06
 -0.788117886      0.615524352      -5.21363688E-07
 -0.809017003      0.587785244      -5.19093101E-06
 -0.828940272      0.559337139      -1.30766352E-06
 -0.859048963      0.511893392       3.61992829E-06
 -0.876306653      0.481753677       1.44107821E-06
 -0.892507374      0.451032847      -3.44643786E-06
 -0.916432381      0.400189579       7.38137430E-07
 -0.929776490      0.368124545       1.60911429E-06
 -0.941999078      0.335615486       3.93342390E-07
 -0.959363103      0.282174528      -5.52761819E-08
 -0.968583167      0.248689890      -4.20834522E-06
 -0.976634920      0.214905262       7.65735933E-07
 -0.987164080      0.159709439       1.45141007E-06
 -0.992114723      0.125333235      -4.15234513E-09
 -0.995868623       9.08058509E-02  -1.82932718E-06
 -0.999396861       3.47256102E-02  -4.99380121E-07
  -1.00000000       1.22464685E-16   6.44129250E-06
 -0.999396861      -3.47256102E-02  -4.99380121E-07
 -0.995868623      -9.08058509E-02  -1.82932718E-06
 -0.992114723     -0.125333235      -4.15234602E-09
 -0.987164080     -0.159709439       1.45141007E-06
 -0.976634920     -0.214905262       7.65735933E-07
 -0.968583167     -0.248689890      -4.20834522E-06
 -0.959363103     -0.282174528      -5.52761819E-08
 -0.941999078     -0.335615486       3.93342390E-07
 -0.929776490     -0.368124545       1.60911429E-06
 -0.916432381     -0.400189579       7.38137430E-07
 -0.892507374     -0.451032847      -3.44643786E-06
 -0.876306653     -0.481753677       1.44107821E-06
 -0.859048963     -0.511893392       3.61992829E-06
 -0.828940272     -0.559337139      -1.30766352E-06
 -0.809017003     -0.587785244      -5.19093101E-06
 -0.788117886     -0.615524352      -5.21363688E-07
 -0.752300262     -0.658820391       5.55448787E-06
 -0.728968620     -0.684547126      -2.38986104E-06
 -0.704757631     -0.709448099      -6.14267583E-06
 -0.663796067     -0.747913599       3.76004232E-06
 -0.637423992     -0.770513237       6.51484243E-06
 -0.610283017     -0.792183459      -1.93847245E-06
 -0.564823449     -0.825211763      -4.90791444E-06
 -0.535826802     -0.844327927       6.02138789E-06
 -0.506183803     -0.862425625       5.36167136E-06
 -0.456943184     -0.889495909      -5.63316144E-06
 -0.425779283     -0.904827058      -3.28053557E-06
 -0.394101828     -0.919066787       3.89746856E-06
 -0.341856629     -0.939752102       1.78024902E-06
 -0.309017003     -0.951056540      -7.80731352E-06
 -0.275804609     -0.961213708      -1.80458892E-06
 -0.221378833     -0.975187898       5.47506670E-06
 -0.187381312     -0.982287228      -2.85724968E-06
 -0.153157771     -0.988201737      -4.04445836E-06
  -9.74097401E-02 -0.995244384       2.47509320E-06
  -6.27905205E-02 -0.998026729       4.89703143E-06
  -2.80955620E-02 -0.999605238      -2.30083674E-06
   2.80955620E-02 -0.999605238      -5.65719574E-07
   6.27905205E-02 -0.998026729       9.41702910E-06
   9.74097401E-02 -0.995244384       4.98239115E-06
  0.153157771     -0.988201737       3.10315704E-06
  0.187381312     -0.982287228       9.59291174E-06
  0.221378833     -0.975187898       1.60104137E-05
  0.275804609     -0.961213708       3.19013379E-05
  0.309017003     -0.951056540       5.56057385E-05
  0.341856629     -0.939752102       1.07229040E-04
  0.394101828     -0.919066787       2.28766337E-04
  0.425779283     -0.904827058       3.38040263E-04
  0.456943184     -0.889495909       4.93383675E-04
  0.506183803     -0.862425625       8.69504525E-04
  0.535826802     -0.844327927       1.25829189E-03
  0.564823449     -0.825211763       1.85699447E-03
  0.610283017     -0.792183459       3.56542529E-03
  0.637423992     -0.770513237       5.30724600E-03
  0.663796067     -0.747913599       7.74585595E-03
  0.704757631     -0.709448099       1.35141453E-02
  0.728968620     -0.684547126       1.83355007E-02
  0.752300262     -0.658820391       2.42272373E-02
  0.788117886     -0.615524352       3.64231467E-02
  0.809017003     -0.587785244       4.60394174E-02
  0.828940272     -0.559337139       5.79067953E-02
  0.859048963     -0.511893392       8.41821432E-02
  0.876306653     -0.481753677      0.106753841    
  0.892507374     -0.451032847      0.135883838    
  0.916432381     -0.400189579      0.200454310    
  0.929776490     -0.368124545      0.252838016    
  0.941999078     -0.335615486      0.315143168    
  0.959363103     -0.282174528      0.434963882    
  0.968583167     -0.248689890      0.517680824    
  0.976634920     -0.214905262      0.603286028    
  0.987164080     -0.159709439      0.737497687    
  0.992114723     -0.125333235      0.810544312    
  0.995868623      -9.08058509E-02  0.870677352    
  0.999396861      -3.47256102E-02  0.931227088    
   1.00000000      -2.44929371E-16  0.941974223    
