   1.00000000       0.00000000      -1.29555738E-05
  0.999396861       3.47256102E-02   1.42217664E-06
  0.995868623       9.08058509E-02   3.69989448E-06
  0.992114723      0.125333235      -3.08431709E-06
  0.987164080      0.159709439      -2.84413159E-06
  0.976634920      0.214905262       7.29748777E-08
  0.968583167      0.248689890       1.01639398E-05
  0.959363103      0.282174528      -1.43077523E-06
  0.941999078      0.335615486      -5.09198844E-06
  0.929776490      0.368124545       7.34141258E-06
  0.916432381      0.400189579       4.24177915E-06
  0.892507374      0.451032847      -4.61587751E-06
  0.876306653      0.481753677      -4.30876753E-06
  0.859048963      0.511893392       3.44839441E-06
  0.828940272      0.559337139       2.85022202E-06
  0.809017003      0.587785244      -7.05085949E-06
  0.788117886      0.615524352      -4.06915433E-06
  0.752300262      0.658820391       7.18474939E-06
  0.728968620      0.684547126      -3.75883591E-09
  0.704757631      0.709448099      -4.86210547E-06
  0.663796067      0.747913599       1.81307564E-06
  0.637423992      0.770513237       7.41581243E-06
  0.610283017      0.792183459       7.52038886E-06
  0.564823449      0.825211763       6.80411813E-06
  0.535826802      0.844327927       2.59413719E-05
  0.506183803      0.862425625       4.90314342E-05
  0.456943184      0.889495909       1.07799831E-04
  0.425779283      0.904827058       1.83828015E-04
  0.394101828      0.919066787       3.16270569E-04
  0.341856629      0.939752102       7.24657380E-04
  0.309017003      0.951056540       1.16258371E-03
  0.275804609      0.961213708       1.85025763E-03
  0.221378833      0.975187898       3.80223175E-03
  0.187381312      0.982287228       5.79078263E-03
  0.153157771      0.988201737       8.66249390E-03
   9.74097401E-02  0.995244384       1.60246305E-02
   6.27905205E-02  0.998026729       2.29059644E-02
   2.80955620E-02  0.999605238       3.21469195E-02
  -2.80955620E-02  0.999605238       5.35020381E-02
  -6.27905205E-02  0.998026729       7.15464652E-02
  -9.74097401E-02  0.995244384       9.38825756E-02
 -0.153157771      0.988201737      0.139876127    
 -0.187381312      0.982287228      0.174443737    
 -0.221378833      0.975187898      0.213252321    
 -0.275804609      0.961213708      0.282690316    
 -0.309017003      0.951056540      0.327460617    
 -0.341856629      0.939752102      0.371359855    
 -0.394101828      0.919066787      0.434787065    
 -0.425779283      0.904827058      0.465545744    
 -0.456943184      0.889495909      0.487289548    
 -0.506183803      0.862425625      0.499416798    
 -0.535826802      0.844327927      0.491424710    
 -0.564823449      0.825211763      0.471828073    
 -0.610283017      0.792183459      0.418705970    
 -0.637423992      0.770513237      0.375875801    
 -0.663796067      0.747913599      0.328457028    
 -0.704757631      0.709448099      0.248893604    
 -0.728968620      0.684547126      0.201894581    
 -0.752300262      0.658820391      0.158901349    
 -0.788117886      0.615524352      0.100887120    
 -0.809017003      0.587785244       7.29572400E-02
 -0.828940272      0.559337139       5.09471186E-02
 -0.859048963      0.511893392       2.63461787E-02
 -0.876306653      0.481753677       1.66375041E-02
 -0.892507374      0.451032847       1.00690695E-02
 -0.916432381      0.400189579       4.05027205E-03
 -0.929776490      0.368124545       2.15530279E-03
 -0.941999078      0.335615486       1.08571234E-03
 -0.959363103      0.282174528       3.16956051E-04
 -0.968583167      0.248689890       1.33631955E-04
 -0.976634920      0.214905262       5.03007032E-05
 -0.987164080      0.159709439       1.37171937E-05
 -0.992114723      0.125333235       5.77176343E-06
 -0.995868623       9.08058509E-02  -5.44518343E-07
 -0.999396861       3.47256102E-02   1.29853083E-06
  -1.00000000       1.22464685E-16   1.94838390E-06
 -0.999396861      -3.47256102E-02   1.29853083E-06
 -0.995868623      -9.08058509E-02  -5.44518343E-07
 -0.992114723     -0.125333235       5.77176343E-06
 -0.987164080     -0.159709439       1.37171937E-05
 -0.976634920     -0.214905262       5.03007032E-05
 -0.968583167     -0.248689890       1.33631955E-04
 -0.959363103     -0.282174528       3.16956051E-04
 -0.941999078     -0.335615486       1.08571234E-03
 -0.929776490     -0.368124545       2.15530279E-03
 -0.916432381     -0.400189579       4.05027205E-03
 -0.892507374     -0.451032847       1.00690695E-02
 -0.876306653     -0.481753677       1.66375041E-02
 -0.859048963     -0.511893392       2.63461787E-02
 -0.828940272     -0.559337139       5.09471186E-02
 -0.809017003     -0.587785244       7.29572400E-02
 -0.788117886     -0.615524352      0.100887120    
 -0.752300262     -0.658820391      0.158901349    
 -0.728968620     -0.684547126      0.201894581    
 -0.704757631     -0.709448099      0.248893604    
 -0.663796067     -0.747913599      0.328457028    
 -0.637423992     -0.770513237      0.375875801    
 -0.610283017     -0.792183459      0.418705970    
 -0.564823449     -0.825211763      0.471828073    
 -0.535826802     -0.844327927      0.491424710    
 -0.506183803     -0.862425625      0.499416798    
 -0.456943184     -0.889495909      0.487289548    
 -0.425779283     -0.904827058      0.465545744    
 -0.394101828     -0.919066787      0.434787065    
 -0.341856629     -0.939752102      0.371359855    
 -0.309017003     -0.951056540      0.327460617    
 -0.275804609     -0.961213708      0.282690316    
 -0.221378833     -0.975187898      0.213252321    
 -0.187381312     -0.982287228      0.174443737    
 -0.153157771     -0.988201737      0.139876127    
  -9.74097401E-02 -0.995244384       9.38825756E-02
  -6.27905205E-02 -0.998026729       7.15464652E-02
  -2.80955620E-02 -0.999605238       5.35020381E-02
   2.80955620E-02 -0.999605238       3.21469195E-02
   6.27905205E-02 -0.998026729       2.29059644E-02
   9.74097401E-02 -0.995244384       1.60246305E-02
  0.153157771     -0.988201737       8.66249390E-03
  0.187381312     -0.982287228       5.79078263E-03
  0.221378833     -0.975187898       3.80223175E-03
  0.275804609     -0.961213708       1.85025763E-03
  0.309017003     -0.951056540       1.16258371E-03
  0.341856629     -0.939752102       7.24657380E-04
  0.394101828     -0.919066787       3.16270569E-04
  0.425779283     -0.904827058       1.83828015E-04
  0.456943184     -0.889495909       1.07799831E-04
  0.506183803     -0.862425625       4.90314342E-05
  0.535826802     -0.844327927       2.59413719E-05
  0.564823449     -0.825211763       6.80411813E-06
  0.610283017     -0.792183459       7.52038886E-06
  0.637423992     -0.770513237       7.41581243E-06
  0.663796067     -0.747913599       1.81307564E-06
  0.704757631     -0.709448099      -4.86210547E-06
  0.728968620     -0.684547126      -3.75883502E-09
  0.752300262     -0.658820391       7.18474939E-06
  0.788117886     -0.615524352      -4.06915433E-06
  0.809017003     -0.587785244      -7.05085949E-06
  0.828940272     -0.559337139       2.85022202E-06
  0.859048963     -0.511893392       3.44839441E-06
  0.876306653     -0.481753677      -4.30876753E-06
  0.892507374     -0.451032847      -4.61587751E-06
  0.916432381     -0.400189579       4.24177915E-06
  0.929776490     -0.368124545       7.34141258E-06
  0.941999078     -0.335615486      -5.09198844E-06
  0.959363103     -0.282174528      -1.43077523E-06
  0.968583167     -0.248689890       1.01639398E-05
  0.976634920     -0.214905262       7.29748777E-08
  0.987164080     -0.159709439      -2.84413159E-06
  0.992114723     -0.125333235      -3.08431709E-06
  0.995868623      -9.08058509E-02   3.69989448E-06
  0.999396861      -3.47256102E-02   1.42217664E-06
   1.00000000      -2.44929371E-16  -1.29555738E-05
