   1.00000000       0.00000000      0.509165883    
  0.999396861       3.47256102E-02  0.508970201    
  0.995868623       9.08058509E-02  0.507592916    
  0.992114723      0.125333235      0.505609453    
  0.987164080      0.159709439      0.502181947    
  0.976634920      0.214905262      0.491998017    
  0.968583167      0.248689890      0.481763363    
  0.959363103      0.282174528      0.467785150    
  0.941999078      0.335615486      0.436137885    
  0.929776490      0.368124545      0.410817862    
  0.916432381      0.400189579      0.381440520    
  0.892507374      0.451032847      0.327117026    
  0.876306653      0.481753677      0.290993124    
  0.859048963      0.511893392      0.254376739    
  0.828940272      0.559337139      0.197213888    
  0.809017003      0.587785244      0.164846495    
  0.788117886      0.615524352      0.135633990    
  0.752300262      0.658820391       9.60041359E-02
  0.728968620      0.684547126       7.62859508E-02
  0.704757631      0.709448099       5.99650778E-02
  0.663796067      0.747913599       3.97975594E-02
  0.637423992      0.770513237       3.04905828E-02
  0.610283017      0.792183459       2.31259540E-02
  0.564823449      0.825211763       1.44300321E-02
  0.535826802      0.844327927       1.05972942E-02
  0.506183803      0.862425625       7.68032018E-03
  0.456943184      0.889495909       4.42948099E-03
  0.425779283      0.904827058       3.11722979E-03
  0.394101828      0.919066787       2.17193319E-03
  0.341856629      0.939752102       1.18561194E-03
  0.309017003      0.951056540       8.18805886E-04
  0.275804609      0.961213708       5.57018211E-04
  0.221378833      0.975187898       2.92329845E-04
  0.187381312      0.982287228       1.86600606E-04
  0.153157771      0.988201737       1.19155178E-04
   9.74097401E-02  0.995244384       6.42273371E-05
   6.27905205E-02  0.998026729       3.37198289E-05
   2.80955620E-02  0.999605238       2.07169924E-05
  -2.80955620E-02  0.999605238       1.11757954E-05
  -6.27905205E-02  0.998026729       1.03288621E-05
  -9.74097401E-02  0.995244384       6.71522184E-06
 -0.153157771      0.988201737      -2.73833530E-06
 -0.187381312      0.982287228       3.41927080E-06
 -0.221378833      0.975187898       2.71953604E-06
 -0.275804609      0.961213708       7.67759616E-07
 -0.309017003      0.951056540      -2.51904316E-06
 -0.341856629      0.939752102      -1.94404129E-06
 -0.394101828      0.919066787       3.37228948E-06
 -0.425779283      0.904827058      -5.17111403E-07
 -0.456943184      0.889495909      -1.56505246E-06
 -0.506183803      0.862425625      -6.46170918E-07
 -0.535826802      0.844327927       2.34945287E-06
 -0.564823449      0.825211763       5.66101164E-07
 -0.610283017      0.792183459      -2.15376758E-07
 -0.637423992      0.770513237      -1.15688169E-06
 -0.663796067      0.747913599      -7.60552666E-07
 -0.704757631      0.709448099       1.93263031E-06
 -0.728968620      0.684547126      -1.83222005E-06
 -0.752300262      0.658820391       2.69655629E-07
 -0.788117886      0.615524352      -2.51659776E-06
 -0.809017003      0.587785244       1.52587666E-06
 -0.828940272      0.559337139       4.10199073E-06
 -0.859048963      0.511893392      -4.52828681E-06
 -0.876306653      0.481753677       5.68672021E-07
 -0.892507374      0.451032847       1.55360442E-06
 -0.916432381      0.400189579       1.65344522E-06
 -0.929776490      0.368124545      -4.27537344E-07
 -0.941999078      0.335615486      -4.16679541E-06
 -0.959363103      0.282174528       4.16786906E-06
 -0.968583167      0.248689890       9.90079343E-07
 -0.976634920      0.214905262      -2.48173910E-06
 -0.987164080      0.159709439       3.60458081E-08
 -0.992114723      0.125333235      -1.15896910E-07
 -0.995868623       9.08058509E-02   1.36815106E-06
 -0.999396861       3.47256102E-02  -4.02263709E-07
  -1.00000000       1.22464685E-16  -1.80974916E-06
 -0.999396861      -3.47256102E-02  -4.02263709E-07
 -0.995868623      -9.08058509E-02   1.36815106E-06
 -0.992114723     -0.125333235      -1.15896910E-07
 -0.987164080     -0.159709439       3.60458081E-08
 -0.976634920     -0.214905262      -2.48173910E-06
 -0.968583167     -0.248689890       9.90079343E-07
 -0.959363103     -0.282174528       4.16786906E-06
 -0.941999078     -0.335615486      -4.16679541E-06
 -0.929776490     -0.368124545      -4.27537344E-07
 -0.916432381     -0.400189579       1.65344522E-06
 -0.892507374     -0.451032847       1.55360442E-06
 -0.876306653     -0.481753677       5.68672021E-07
 -0.859048963     -0.511893392      -4.52828681E-06
 -0.828940272     -0.559337139       4.10199073E-06
 -0.809017003     -0.587785244       1.52587666E-06
 -0.788117886     -0.615524352      -2.51659776E-06
 -0.752300262     -0.658820391       2.69655629E-07
 -0.728968620     -0.684547126      -1.83222005E-06
 -0.704757631     -0.709448099       1.93263031E-06
 -0.663796067     -0.747913599      -7.60552666E-07
 -0.637423992     -0.770513237      -1.15688169E-06
 -0.610283017     -0.792183459      -2.15376758E-07
 -0.564823449     -0.825211763       5.66101164E-07
 -0.535826802     -0.844327927       2.34945287E-06
 -0.506183803     -0.862425625      -6.46170918E-07
 -0.456943184     -0.889495909      -1.56505246E-06
 -0.425779283     -0.904827058      -5.17111403E-07
 -0.394101828     -0.919066787       3.37228948E-06
 -0.341856629     -0.939752102      -1.94404129E-06
 -0.309017003     -0.951056540      -2.51904316E-06
 -0.275804609     -0.961213708       7.67759616E-07
 -0.221378833     -0.975187898       2.71953604E-06
 -0.187381312     -0.982287228       3.41927080E-06
 -0.153157771     -0.988201737      -2.73833530E-06
  -9.74097401E-02 -0.995244384       6.71522184E-06
  -6.27905205E-02 -0.998026729       1.03288621E-05
  -2.80955620E-02 -0.999605238       1.11757954E-05
   2.80955620E-02 -0.999605238       2.07169924E-05
   6.27905205E-02 -0.998026729       3.37198289E-05
   9.74097401E-02 -0.995244384       6.42273371E-05
  0.153157771     -0.988201737       1.19155178E-04
  0.187381312     -0.982287228       1.86600606E-04
  0.221378833     -0.975187898       2.92329845E-04
  0.275804609     -0.961213708       5.57018211E-04
  0.309017003     -0.951056540       8.18805886E-04
  0.341856629     -0.939752102       1.18561194E-03
  0.394101828     -0.919066787       2.17193319E-03
  0.425779283     -0.904827058       3.11722979E-03
  0.456943184     -0.889495909       4.42948099E-03
  0.506183803     -0.862425625       7.68032018E-03
  0.535826802     -0.844327927       1.05972942E-02
  0.564823449     -0.825211763       1.44300321E-02
  0.610283017     -0.792183459       2.31259540E-02
  0.637423992     -0.770513237       3.04905828E-02
  0.663796067     -0.747913599       3.97975594E-02
  0.704757631     -0.709448099       5.99650778E-02
  0.728968620     -0.684547126       7.62859508E-02
  0.752300262     -0.658820391       9.60041359E-02
  0.788117886     -0.615524352      0.135633990    
  0.809017003     -0.587785244      0.164846495    
  0.828940272     -0.559337139      0.197213888    
  0.859048963     -0.511893392      0.254376739    
  0.876306653     -0.481753677      0.290993124    
  0.892507374     -0.451032847      0.327117026    
  0.916432381     -0.400189579      0.381440520    
  0.929776490     -0.368124545      0.410817862    
  0.941999078     -0.335615486      0.436137885    
  0.959363103     -0.282174528      0.467785150    
  0.968583167     -0.248689890      0.481763363    
  0.976634920     -0.214905262      0.491998017    
  0.987164080     -0.159709439      0.502181947    
  0.992114723     -0.125333235      0.505609453    
  0.995868623      -9.08058509E-02  0.507592916    
  0.999396861      -3.47256102E-02  0.508970201    
   1.00000000      -2.44929371E-16  0.509165883    
