   1.00000000       0.00000000      -8.20575622E-07
  0.999396861       3.47256102E-02  -6.19419666E-07
  0.995868623       9.08058509E-02   3.08934841E-06
  0.992114723      0.125333235      -2.97631254E-06
  0.987164080      0.159709439      -7.46278511E-06
  0.976634920      0.214905262       5.25812356E-06
  0.968583167      0.248689890       6.10107645E-06
  0.959363103      0.282174528       7.05223874E-06
  0.941999078      0.335615486       4.75574234E-06
  0.929776490      0.368124545      -2.69662883E-06
  0.916432381      0.400189579      -1.48655809E-05
  0.892507374      0.451032847      -3.90578934E-05
  0.876306653      0.481753677      -2.80203858E-05
  0.859048963      0.511893392       4.10772145E-07
  0.828940272      0.559337139       8.05128875E-05
  0.809017003      0.587785244       1.28686748E-04
  0.788117886      0.615524352       1.40413293E-04
  0.752300262      0.658820391       1.55175621E-05
  0.728968620      0.684547126      -1.69291132E-04
  0.704757631      0.709448099      -3.85947991E-04
  0.663796067      0.747913599      -6.17585261E-04
  0.637423992      0.770513237      -5.14279061E-04
  0.610283017      0.792183459      -1.20651639E-04
  0.564823449      0.825211763       1.13233377E-03
  0.535826802      0.844327927       2.07862677E-03
  0.506183803      0.862425625       2.80794618E-03
  0.456943184      0.889495909       2.59456784E-03
  0.425779283      0.904827058       1.00061379E-03
  0.394101828      0.919066787      -1.93568971E-03
  0.341856629      0.939752102      -9.04422998E-03
  0.309017003      0.951056540      -1.38738612E-02
  0.275804609      0.961213708      -1.76787619E-02
  0.221378833      0.975187898      -1.78274401E-02
  0.187381312      0.982287228      -1.15259252E-02
  0.153157771      0.988201737       1.49642851E-03
   9.74097401E-02  0.995244384       3.93388048E-02
   6.27905205E-02  0.998026729       7.35625848E-02
   2.80955620E-02  0.999605238      0.115380228    
  -2.80955620E-02  0.999605238      0.195293471    
  -6.27905205E-02  0.998026729      0.248733863    
  -9.74097401E-02  0.995244384      0.302091807    
 -0.153157771      0.988201737      0.381310880    
 -0.187381312      0.982287228      0.421900898    
 -0.221378833      0.975187898      0.453711957    
 -0.275804609      0.961213708      0.483575463    
 -0.309017003      0.951056540      0.488026142    
 -0.341856629      0.939752102      0.482178390    
 -0.394101828      0.919066787      0.453490585    
 -0.425779283      0.904827058      0.426196575    
 -0.456943184      0.889495909      0.393642634    
 -0.506183803      0.862425625      0.334235758    
 -0.535826802      0.844327927      0.295956194    
 -0.564823449      0.825211763      0.258154333    
 -0.610283017      0.792183459      0.200710818    
 -0.637423992      0.770513237      0.168713793    
 -0.663796067      0.747913599      0.139928222    
 -0.704757631      0.709448099      0.100599431    
 -0.728968620      0.684547126       8.06941092E-02
 -0.752300262      0.658820391       6.39449731E-02
 -0.788117886      0.615524352       4.28179130E-02
 -0.809017003      0.587785244       3.29052135E-02
 -0.828940272      0.559337139       2.50055809E-02
 -0.859048963      0.511893392       1.56723019E-02
 -0.876306653      0.481753677       1.15815345E-02
 -0.892507374      0.451032847       8.46663862E-03
 -0.916432381      0.400189579       4.98237461E-03
 -0.929776490      0.368124545       3.54967220E-03
 -0.941999078      0.335615486       2.50345119E-03
 -0.959363103      0.282174528       1.39045413E-03
 -0.968583167      0.248689890       9.54887888E-04
 -0.976634920      0.214905262       6.51564915E-04
 -0.987164080      0.159709439       3.48068774E-04
 -0.992114723      0.125333235       2.35369065E-04
 -0.995868623       9.08058509E-02   1.63317498E-04
 -0.999396861       3.47256102E-02   1.04930317E-04
  -1.00000000       1.22464685E-16   9.54935313E-05
 -0.999396861      -3.47256102E-02   1.04930317E-04
 -0.995868623      -9.08058509E-02   1.63317498E-04
 -0.992114723     -0.125333235       2.35369065E-04
 -0.987164080     -0.159709439       3.48068774E-04
 -0.976634920     -0.214905262       6.51564915E-04
 -0.968583167     -0.248689890       9.54887888E-04
 -0.959363103     -0.282174528       1.39045413E-03
 -0.941999078     -0.335615486       2.50345119E-03
 -0.929776490     -0.368124545       3.54967220E-03
 -0.916432381     -0.400189579       4.98237461E-03
 -0.892507374     -0.451032847       8.46663862E-03
 -0.876306653     -0.481753677       1.15815345E-02
 -0.859048963     -0.511893392       1.56723019E-02
 -0.828940272     -0.559337139       2.50055809E-02
 -0.809017003     -0.587785244       3.29052135E-02
 -0.788117886     -0.615524352       4.28179130E-02
 -0.752300262     -0.658820391       6.39449731E-02
 -0.728968620     -0.684547126       8.06941092E-02
 -0.704757631     -0.709448099      0.100599431    
 -0.663796067     -0.747913599      0.139928222    
 -0.637423992     -0.770513237      0.168713793    
 -0.610283017     -0.792183459      0.200710818    
 -0.564823449     -0.825211763      0.258154333    
 -0.535826802     -0.844327927      0.295956194    
 -0.506183803     -0.862425625      0.334235758    
 -0.456943184     -0.889495909      0.393642634    
 -0.425779283     -0.904827058      0.426196575    
 -0.394101828     -0.919066787      0.453490585    
 -0.341856629     -0.939752102      0.482178390    
 -0.309017003     -0.951056540      0.488026142    
 -0.275804609     -0.961213708      0.483575463    
 -0.221378833     -0.975187898      0.453711957    
 -0.187381312     -0.982287228      0.421900898    
 -0.153157771     -0.988201737      0.381310880    
  -9.74097401E-02 -0.995244384      0.302091807    
  -6.27905205E-02 -0.998026729      0.248733863    
  -2.80955620E-02 -0.999605238      0.195293471    
   2.80955620E-02 -0.999605238      0.115380228    
   6.27905205E-02 -0.998026729       7.35625848E-02
   9.74097401E-02 -0.995244384       3.93388048E-02
  0.153157771     -0.988201737       1.49642851E-03
  0.187381312     -0.982287228      -1.15259252E-02
  0.221378833     -0.975187898      -1.78274401E-02
  0.275804609     -0.961213708      -1.76787619E-02
  0.309017003     -0.951056540      -1.38738612E-02
  0.341856629     -0.939752102      -9.04422998E-03
  0.394101828     -0.919066787      -1.93568971E-03
  0.425779283     -0.904827058       1.00061379E-03
  0.456943184     -0.889495909       2.59456784E-03
  0.506183803     -0.862425625       2.80794618E-03
  0.535826802     -0.844327927       2.07862677E-03
  0.564823449     -0.825211763       1.13233377E-03
  0.610283017     -0.792183459      -1.20651639E-04
  0.637423992     -0.770513237      -5.14279061E-04
  0.663796067     -0.747913599      -6.17585261E-04
  0.704757631     -0.709448099      -3.85947991E-04
  0.728968620     -0.684547126      -1.69291132E-04
  0.752300262     -0.658820391       1.55175621E-05
  0.788117886     -0.615524352       1.40413293E-04
  0.809017003     -0.587785244       1.28686748E-04
  0.828940272     -0.559337139       8.05128875E-05
  0.859048963     -0.511893392       4.10772145E-07
  0.876306653     -0.481753677      -2.80203858E-05
  0.892507374     -0.451032847      -3.90578934E-05
  0.916432381     -0.400189579      -1.48655809E-05
  0.929776490     -0.368124545      -2.69662883E-06
  0.941999078     -0.335615486       4.75574234E-06
  0.959363103     -0.282174528       7.05223874E-06
  0.968583167     -0.248689890       6.10107645E-06
  0.976634920     -0.214905262       5.25812356E-06
  0.987164080     -0.159709439      -7.46278511E-06
  0.992114723     -0.125333235      -2.97631254E-06
  0.995868623      -9.08058509E-02   3.08934841E-06
  0.999396861      -3.47256102E-02  -6.19419666E-07
   1.00000000      -2.44929371E-16  -8.20575622E-07
