   1.00000000       0.00000000       2.59266756E-07
  0.999396861       3.47256102E-02  -3.29486767E-07
  0.995868623       9.08058509E-02   1.20384448E-06
  0.992114723      0.125333235      -1.72757461E-06
  0.987164080      0.159709439      -1.67967562E-06
  0.976634920      0.214905262       3.11242752E-06
  0.968583167      0.248689890      -5.36003881E-07
  0.959363103      0.282174528      -2.69556040E-06
  0.941999078      0.335615486       3.12636928E-07
  0.929776490      0.368124545       4.22154289E-06
  0.916432381      0.400189579       1.34388574E-06
  0.892507374      0.451032847      -5.41291638E-06
  0.876306653      0.481753677       1.65912456E-06
  0.859048963      0.511893392       5.87598424E-06
  0.828940272      0.559337139      -3.71101009E-06
  0.809017003      0.587785244      -4.45984688E-06
  0.788117886      0.615524352       1.11702673E-06
  0.752300262      0.658820391       5.35619165E-06
  0.728968620      0.684547126      -3.58572652E-06
  0.704757631      0.709448099      -7.29930844E-06
  0.663796067      0.747913599       5.68050837E-06
  0.637423992      0.770513237       1.69563452E-06
  0.610283017      0.792183459      -3.95369398E-06
  0.564823449      0.825211763       2.23754250E-06
  0.535826802      0.844327927       8.91862055E-06
  0.506183803      0.862425625       6.30537807E-06
  0.456943184      0.889495909      -1.08236763E-05
  0.425779283      0.904827058      -1.30666358E-05
  0.394101828      0.919066787      -1.43136822E-05
  0.341856629      0.939752102      -9.44144540E-06
  0.309017003      0.951056540       1.19240658E-05
  0.275804609      0.961213708       4.70561499E-05
  0.221378833      0.975187898       8.37870684E-05
  0.187381312      0.982287228       6.20660576E-05
  0.153157771      0.988201737      -4.96209032E-06
   9.74097401E-02  0.995244384      -2.05761244E-04
   6.27905205E-02  0.998026729      -3.32376425E-04
   2.80955620E-02  0.999605238      -3.84694285E-04
  -2.80955620E-02  0.999605238      -1.23245118E-04
  -6.27905205E-02  0.998026729       3.28767521E-04
  -9.74097401E-02  0.995244384       9.49497451E-04
 -0.153157771      0.988201737       1.91145879E-03
 -0.187381312      0.982287228       2.05521961E-03
 -0.221378833      0.975187898       1.47145521E-03
 -0.275804609      0.961213708      -1.58219307E-03
 -0.309017003      0.951056540      -4.81183594E-03
 -0.341856629      0.939752102      -8.62904824E-03
 -0.394101828      0.919066787      -1.38885155E-02
 -0.425779283      0.904827058      -1.45922089E-02
 -0.456943184      0.889495909      -1.14873322E-02
 -0.506183803      0.862425625       5.54874446E-03
 -0.535826802      0.844327927       2.55506095E-02
 -0.564823449      0.825211763       5.36385067E-02
 -0.610283017      0.792183459      0.115744598    
 -0.637423992      0.770513237      0.162810728    
 -0.663796067      0.747913599      0.214278877    
 -0.704757631      0.709448099      0.300543517    
 -0.728968620      0.684547126      0.351326108    
 -0.752300262      0.658820391      0.396925539    
 -0.788117886      0.615524352      0.454048872    
 -0.809017003      0.587785244      0.476501167    
 -0.828940272      0.559337139      0.488162249    
 -0.859048963      0.511893392      0.484377861    
 -0.876306653      0.481753677      0.469271839    
 -0.892507374      0.451032847      0.446030766    
 -0.916432381      0.400189579      0.395537764    
 -0.929776490      0.368124545      0.359306872    
 -0.941999078      0.335615486      0.321408898    
 -0.959363103      0.282174528      0.260621488    
 -0.968583167      0.248689890      0.225504830    
 -0.976634920      0.214905262      0.193496555    
 -0.987164080      0.159709439      0.150144383    
 -0.992114723      0.125333235      0.129309565    
 -0.995868623       9.08058509E-02  0.113367990    
 -0.999396861       3.47256102E-02   9.83033106E-02
  -1.00000000       1.22464685E-16   9.57172588E-02
 -0.999396861      -3.47256102E-02   9.83033106E-02
 -0.995868623      -9.08058509E-02  0.113367990    
 -0.992114723     -0.125333235      0.129309565    
 -0.987164080     -0.159709439      0.150144383    
 -0.976634920     -0.214905262      0.193496555    
 -0.968583167     -0.248689890      0.225504830    
 -0.959363103     -0.282174528      0.260621488    
 -0.941999078     -0.335615486      0.321408898    
 -0.929776490     -0.368124545      0.359306872    
 -0.916432381     -0.400189579      0.395537764    
 -0.892507374     -0.451032847      0.446030766    
 -0.876306653     -0.481753677      0.469271839    
 -0.859048963     -0.511893392      0.484377861    
 -0.828940272     -0.559337139      0.488162249    
 -0.809017003     -0.587785244      0.476501167    
 -0.788117886     -0.615524352      0.454048872    
 -0.752300262     -0.658820391      0.396925539    
 -0.728968620     -0.684547126      0.351326108    
 -0.704757631     -0.709448099      0.300543517    
 -0.663796067     -0.747913599      0.214278877    
 -0.637423992     -0.770513237      0.162810728    
 -0.610283017     -0.792183459      0.115744598    
 -0.564823449     -0.825211763       5.36385067E-02
 -0.535826802     -0.844327927       2.55506095E-02
 -0.506183803     -0.862425625       5.54874446E-03
 -0.456943184     -0.889495909      -1.14873322E-02
 -0.425779283     -0.904827058      -1.45922089E-02
 -0.394101828     -0.919066787      -1.38885155E-02
 -0.341856629     -0.939752102      -8.62904824E-03
 -0.309017003     -0.951056540      -4.81183594E-03
 -0.275804609     -0.961213708      -1.58219307E-03
 -0.221378833     -0.975187898       1.47145521E-03
 -0.187381312     -0.982287228       2.05521961E-03
 -0.153157771     -0.988201737       1.91145879E-03
  -9.74097401E-02 -0.995244384       9.49497451E-04
  -6.27905205E-02 -0.998026729       3.28767521E-04
  -2.80955620E-02 -0.999605238      -1.23245118E-04
   2.80955620E-02 -0.999605238      -3.84694285E-04
   6.27905205E-02 -0.998026729      -3.32376425E-04
   9.74097401E-02 -0.995244384      -2.05761244E-04
  0.153157771     -0.988201737      -4.96209032E-06
  0.187381312     -0.982287228       6.20660576E-05
  0.221378833     -0.975187898       8.37870684E-05
  0.275804609     -0.961213708       4.70561499E-05
  0.309017003     -0.951056540       1.19240658E-05
  0.341856629     -0.939752102      -9.44144540E-06
  0.394101828     -0.919066787      -1.43136822E-05
  0.425779283     -0.904827058      -1.30666358E-05
  0.456943184     -0.889495909      -1.08236763E-05
  0.506183803     -0.862425625       6.30537807E-06
  0.535826802     -0.844327927       8.91862055E-06
  0.564823449     -0.825211763       2.23754250E-06
  0.610283017     -0.792183459      -3.95369398E-06
  0.637423992     -0.770513237       1.69563452E-06
  0.663796067     -0.747913599       5.68050837E-06
  0.704757631     -0.709448099      -7.29930844E-06
  0.728968620     -0.684547126      -3.58572652E-06
  0.752300262     -0.658820391       5.35619165E-06
  0.788117886     -0.615524352       1.11702673E-06
  0.809017003     -0.587785244      -4.45984688E-06
  0.828940272     -0.559337139      -3.71101009E-06
  0.859048963     -0.511893392       5.87598424E-06
  0.876306653     -0.481753677       1.65912456E-06
  0.892507374     -0.451032847      -5.41291638E-06
  0.916432381     -0.400189579       1.34388574E-06
  0.929776490     -0.368124545       4.22154289E-06
  0.941999078     -0.335615486       3.12636928E-07
  0.959363103     -0.282174528      -2.69556040E-06
  0.968583167     -0.248689890      -5.36003881E-07
  0.976634920     -0.214905262       3.11242752E-06
  0.987164080     -0.159709439      -1.67967562E-06
  0.992114723     -0.125333235      -1.72757461E-06
  0.995868623      -9.08058509E-02   1.20384448E-06
  0.999396861      -3.47256102E-02  -3.29486767E-07
   1.00000000      -2.44929371E-16   2.59266756E-07
