   1.00000000       0.00000000       8.22071306E-05
  0.999396861       3.47256102E-02   1.06647247E-04
  0.995868623       9.08058509E-02   2.74809106E-04
  0.992114723      0.125333235       5.21109963E-04
  0.987164080      0.159709439       9.66826279E-04
  0.976634920      0.214905262       2.47266260E-03
  0.968583167      0.248689890       4.23602667E-03
  0.959363103      0.282174528       7.03423005E-03
  0.941999078      0.335615486       1.49712861E-02
  0.929776490      0.368124545       2.29510777E-02
  0.916432381      0.400189579       3.41588706E-02
  0.892507374      0.451032847       6.10859580E-02
  0.876306653      0.481753677       8.42918605E-02
  0.859048963      0.511893392      0.113086864    
  0.828940272      0.559337139      0.171599507    
  0.809017003      0.587785244      0.214316681    
  0.788117886      0.615524352      0.260619730    
  0.752300262      0.658820391      0.338355899    
  0.728968620      0.684547126      0.384361506    
  0.704757631      0.709448099      0.425660014    
  0.663796067      0.747913599      0.476148695    
  0.637423992      0.770513237      0.494040787    
  0.610283017      0.792183459      0.500261307    
  0.564823449      0.825211763      0.485118598    
  0.535826802      0.844327927      0.461425692    
  0.506183803      0.862425625      0.428710848    
  0.456943184      0.889495909      0.362376094    
  0.425779283      0.904827058      0.316987842    
  0.394101828      0.919066787      0.271085709    
  0.341856629      0.939752102      0.200722903    
  0.309017003      0.951056540      0.161942512    
  0.275804609      0.961213708      0.127842620    
  0.221378833      0.975187898       8.32988918E-02
  0.187381312      0.982287228       6.21512793E-02
  0.153157771      0.988201737       4.53992859E-02
   9.74097401E-02  0.995244384       2.61390302E-02
   6.27905205E-02  0.998026729       1.80881787E-02
   2.80955620E-02  0.999605238       1.22466451E-02
  -2.80955620E-02  0.999605238       6.24766387E-03
  -6.27905205E-02  0.998026729       4.02130932E-03
  -9.74097401E-02  0.995244384       2.53376039E-03
 -0.153157771      0.988201737       1.14282267E-03
 -0.187381312      0.982287228       6.79110060E-04
 -0.221378833      0.975187898       4.06456238E-04
 -0.275804609      0.961213708       1.63792734E-04
 -0.309017003      0.951056540       8.40992143E-05
 -0.341856629      0.939752102       4.71394014E-05
 -0.394101828      0.919066787       2.15673899E-05
 -0.425779283      0.904827058       1.17841246E-05
 -0.456943184      0.889495909       1.14878844E-06
 -0.506183803      0.862425625       8.11211692E-07
 -0.535826802      0.844327927       5.92389733E-06
 -0.564823449      0.825211763       1.98343560E-06
 -0.610283017      0.792183459      -4.16376861E-06
 -0.637423992      0.770513237       7.97912918E-08
 -0.663796067      0.747913599       4.07836524E-06
 -0.704757631      0.709448099      -1.38805422E-06
 -0.728968620      0.684547126      -4.13667385E-06
 -0.752300262      0.658820391      -1.13242628E-07
 -0.788117886      0.615524352       4.02335854E-06
 -0.809017003      0.587785244      -2.34445770E-06
 -0.828940272      0.559337139      -4.90734919E-06
 -0.859048963      0.511893392       5.00104170E-06
 -0.876306653      0.481753677       2.02478441E-06
 -0.892507374      0.451032847      -4.09141239E-06
 -0.916432381      0.400189579       3.74500473E-07
 -0.929776490      0.368124545       3.86895726E-06
 -0.941999078      0.335615486       1.44460580E-06
 -0.959363103      0.282174528      -4.90851107E-06
 -0.968583167      0.248689890       1.66642155E-06
 -0.976634920      0.214905262       5.71409237E-06
 -0.987164080      0.159709439      -5.49307924E-06
 -0.992114723      0.125333235      -2.00049749E-06
 -0.995868623       9.08058509E-02   4.53451867E-06
 -0.999396861       3.47256102E-02  -9.23288155E-07
  -1.00000000       1.22464685E-16  -3.75233412E-06
 -0.999396861      -3.47256102E-02  -9.23288155E-07
 -0.995868623      -9.08058509E-02   4.53451867E-06
 -0.992114723     -0.125333235      -2.00049749E-06
 -0.987164080     -0.159709439      -5.49307924E-06
 -0.976634920     -0.214905262       5.71409237E-06
 -0.968583167     -0.248689890       1.66642155E-06
 -0.959363103     -0.282174528      -4.90851107E-06
 -0.941999078     -0.335615486       1.44460580E-06
 -0.929776490     -0.368124545       3.86895726E-06
 -0.916432381     -0.400189579       3.74500473E-07
 -0.892507374     -0.451032847      -4.09141239E-06
 -0.876306653     -0.481753677       2.02478441E-06
 -0.859048963     -0.511893392       5.00104170E-06
 -0.828940272     -0.559337139      -4.90734919E-06
 -0.809017003     -0.587785244      -2.34445770E-06
 -0.788117886     -0.615524352       4.02335854E-06
 -0.752300262     -0.658820391      -1.13242628E-07
 -0.728968620     -0.684547126      -4.13667385E-06
 -0.704757631     -0.709448099      -1.38805422E-06
 -0.663796067     -0.747913599       4.07836524E-06
 -0.637423992     -0.770513237       7.97912918E-08
 -0.610283017     -0.792183459      -4.16376861E-06
 -0.564823449     -0.825211763       1.98343560E-06
 -0.535826802     -0.844327927       5.92389733E-06
 -0.506183803     -0.862425625       8.11211692E-07
 -0.456943184     -0.889495909       1.14878844E-06
 -0.425779283     -0.904827058       1.17841246E-05
 -0.394101828     -0.919066787       2.15673899E-05
 -0.341856629     -0.939752102       4.71394014E-05
 -0.309017003     -0.951056540       8.40992143E-05
 -0.275804609     -0.961213708       1.63792734E-04
 -0.221378833     -0.975187898       4.06456238E-04
 -0.187381312     -0.982287228       6.79110060E-04
 -0.153157771     -0.988201737       1.14282267E-03
  -9.74097401E-02 -0.995244384       2.53376039E-03
  -6.27905205E-02 -0.998026729       4.02130932E-03
  -2.80955620E-02 -0.999605238       6.24766387E-03
   2.80955620E-02 -0.999605238       1.22466451E-02
   6.27905205E-02 -0.998026729       1.80881787E-02
   9.74097401E-02 -0.995244384       2.61390302E-02
  0.153157771     -0.988201737       4.53992859E-02
  0.187381312     -0.982287228       6.21512793E-02
  0.221378833     -0.975187898       8.32988918E-02
  0.275804609     -0.961213708      0.127842620    
  0.309017003     -0.951056540      0.161942512    
  0.341856629     -0.939752102      0.200722903    
  0.394101828     -0.919066787      0.271085709    
  0.425779283     -0.904827058      0.316987842    
  0.456943184     -0.889495909      0.362376094    
  0.506183803     -0.862425625      0.428710848    
  0.535826802     -0.844327927      0.461425692    
  0.564823449     -0.825211763      0.485118598    
  0.610283017     -0.792183459      0.500261307    
  0.637423992     -0.770513237      0.494040787    
  0.663796067     -0.747913599      0.476148695    
  0.704757631     -0.709448099      0.425660014    
  0.728968620     -0.684547126      0.384361506    
  0.752300262     -0.658820391      0.338355899    
  0.788117886     -0.615524352      0.260619730    
  0.809017003     -0.587785244      0.214316681    
  0.828940272     -0.559337139      0.171599507    
  0.859048963     -0.511893392      0.113086864    
  0.876306653     -0.481753677       8.42918605E-02
  0.892507374     -0.451032847       6.10859580E-02
  0.916432381     -0.400189579       3.41588706E-02
  0.929776490     -0.368124545       2.29510777E-02
  0.941999078     -0.335615486       1.49712861E-02
  0.959363103     -0.282174528       7.03423005E-03
  0.968583167     -0.248689890       4.23602667E-03
  0.976634920     -0.214905262       2.47266260E-03
  0.987164080     -0.159709439       9.66826279E-04
  0.992114723     -0.125333235       5.21109963E-04
  0.995868623      -9.08058509E-02   2.74809106E-04
  0.999396861      -3.47256102E-02   1.06647247E-04
   1.00000000      -2.44929371E-16   8.22071306E-05
