   1.00000000       0.00000000      0.818776429    
  0.999396861       3.47256102E-02  0.812508762    
  0.995868623       9.08058509E-02  0.776658893    
  0.992114723      0.125333235      0.740038157    
  0.987164080      0.159709439      0.694048882    
  0.976634920      0.214905262      0.604481995    
  0.968583167      0.248689890      0.543073654    
  0.959363103      0.282174528      0.479661167    
  0.941999078      0.335615486      0.378096849    
  0.929776490      0.368124545      0.318834454    
  0.916432381      0.400189579      0.263981760    
  0.892507374      0.451032847      0.186960459    
  0.876306653      0.481753677      0.147359207    
  0.859048963      0.511893392      0.113933839    
  0.828940272      0.559337139       7.21117333E-02
  0.809017003      0.587785244       5.29743731E-02
  0.788117886      0.615524352       3.81598659E-02
  0.752300262      0.658820391       2.15319786E-02
  0.728968620      0.684547126       1.47237862E-02
  0.704757631      0.709448099       9.87083558E-03
  0.663796067      0.747913599       4.96278424E-03
  0.637423992      0.770513237       3.16485600E-03
  0.610283017      0.792183459       1.97575591E-03
  0.564823449      0.825211763       8.78700928E-04
  0.535826802      0.844327927       5.26610645E-04
  0.506183803      0.862425625       3.10352101E-04
  0.456943184      0.889495909       1.20146091E-04
  0.425779283      0.904827058       6.33077070E-05
  0.394101828      0.919066787       3.64965599E-05
  0.341856629      0.939752102       1.72569635E-05
  0.309017003      0.951056540       6.03402668E-06
  0.275804609      0.961213708      -1.67017856E-06
  0.221378833      0.975187898       4.02261367E-06
  0.187381312      0.982287228       6.05989362E-06
  0.153157771      0.988201737      -1.90849028E-06
   9.74097401E-02  0.995244384      -2.07752419E-06
   6.27905205E-02  0.998026729       2.31078047E-07
   2.80955620E-02  0.999605238       4.81001962E-06
  -2.80955620E-02  0.999605238      -4.09888116E-06
  -6.27905205E-02  0.998026729      -6.90469142E-06
  -9.74097401E-02  0.995244384       5.93169125E-06
 -0.153157771      0.988201737      -1.65183496E-06
 -0.187381312      0.982287228      -2.33890137E-06
 -0.221378833      0.975187898      -7.85354416E-07
 -0.275804609      0.961213708       2.47194089E-06
 -0.309017003      0.951056540       5.32726744E-06
 -0.341856629      0.939752102      -6.29827400E-06
 -0.394101828      0.919066787       4.22053927E-06
 -0.425779283      0.904827058       3.65437268E-06
 -0.456943184      0.889495909      -4.06583194E-06
 -0.506183803      0.862425625       1.66299640E-06
 -0.535826802      0.844327927      -2.00477325E-06
 -0.564823449      0.825211763       1.83937925E-06
 -0.610283017      0.792183459      -2.34003096E-06
 -0.637423992      0.770513237      -2.52426730E-06
 -0.663796067      0.747913599       4.08216874E-06
 -0.704757631      0.709448099      -3.27665020E-06
 -0.728968620      0.684547126       3.25915494E-07
 -0.752300262      0.658820391       1.86451098E-06
 -0.788117886      0.615524352      -8.95172832E-07
 -0.809017003      0.587785244       1.03983530E-06
 -0.828940272      0.559337139      -9.67708615E-07
 -0.859048963      0.511893392       1.47503533E-06
 -0.876306653      0.481753677      -9.74621983E-08
 -0.892507374      0.451032847      -1.62776246E-06
 -0.916432381      0.400189579       1.51038466E-06
 -0.929776490      0.368124545      -5.24103825E-07
 -0.941999078      0.335615486      -6.58887586E-07
 -0.959363103      0.282174528       1.88927316E-07
 -0.968583167      0.248689890      -1.91398080E-08
 -0.976634920      0.214905262       3.83321009E-07
 -0.987164080      0.159709439      -6.21657591E-07
 -0.992114723      0.125333235       2.01670304E-07
 -0.995868623       9.08058509E-02   4.27212029E-07
 -0.999396861       3.47256102E-02  -2.35751600E-07
  -1.00000000       1.22464685E-16   1.89134781E-07
 -0.999396861      -3.47256102E-02  -2.35751600E-07
 -0.995868623      -9.08058509E-02   4.27212029E-07
 -0.992114723     -0.125333235       2.01670304E-07
 -0.987164080     -0.159709439      -6.21657591E-07
 -0.976634920     -0.214905262       3.83321009E-07
 -0.968583167     -0.248689890      -1.91398080E-08
 -0.959363103     -0.282174528       1.88927316E-07
 -0.941999078     -0.335615486      -6.58887586E-07
 -0.929776490     -0.368124545      -5.24103825E-07
 -0.916432381     -0.400189579       1.51038466E-06
 -0.892507374     -0.451032847      -1.62776246E-06
 -0.876306653     -0.481753677      -9.74621983E-08
 -0.859048963     -0.511893392       1.47503533E-06
 -0.828940272     -0.559337139      -9.67708615E-07
 -0.809017003     -0.587785244       1.03983530E-06
 -0.788117886     -0.615524352      -8.95172832E-07
 -0.752300262     -0.658820391       1.86451098E-06
 -0.728968620     -0.684547126       3.25915494E-07
 -0.704757631     -0.709448099      -3.27665020E-06
 -0.663796067     -0.747913599       4.08216874E-06
 -0.637423992     -0.770513237      -2.52426730E-06
 -0.610283017     -0.792183459      -2.34003096E-06
 -0.564823449     -0.825211763       1.83937925E-06
 -0.535826802     -0.844327927      -2.00477325E-06
 -0.506183803     -0.862425625       1.66299640E-06
 -0.456943184     -0.889495909      -4.06583194E-06
 -0.425779283     -0.904827058       3.65437268E-06
 -0.394101828     -0.919066787       4.22053927E-06
 -0.341856629     -0.939752102      -6.29827400E-06
 -0.309017003     -0.951056540       5.32726744E-06
 -0.275804609     -0.961213708       2.47194089E-06
 -0.221378833     -0.975187898      -7.85354416E-07
 -0.187381312     -0.982287228      -2.33890137E-06
 -0.153157771     -0.988201737      -1.65183496E-06
  -9.74097401E-02 -0.995244384       5.93169125E-06
  -6.27905205E-02 -0.998026729      -6.90469142E-06
  -2.80955620E-02 -0.999605238      -4.09888116E-06
   2.80955620E-02 -0.999605238       4.81001962E-06
   6.27905205E-02 -0.998026729       2.31078047E-07
   9.74097401E-02 -0.995244384      -2.07752419E-06
  0.153157771     -0.988201737      -1.90849028E-06
  0.187381312     -0.982287228       6.05989362E-06
  0.221378833     -0.975187898       4.02261367E-06
  0.275804609     -0.961213708      -1.67017856E-06
  0.309017003     -0.951056540       6.03402668E-06
  0.341856629     -0.939752102       1.72569635E-05
  0.394101828     -0.919066787       3.64965599E-05
  0.425779283     -0.904827058       6.33077070E-05
  0.456943184     -0.889495909       1.20146091E-04
  0.506183803     -0.862425625       3.10352101E-04
  0.535826802     -0.844327927       5.26610645E-04
  0.564823449     -0.825211763       8.78700928E-04
  0.610283017     -0.792183459       1.97575591E-03
  0.637423992     -0.770513237       3.16485600E-03
  0.663796067     -0.747913599       4.96278424E-03
  0.704757631     -0.709448099       9.87083558E-03
  0.728968620     -0.684547126       1.47237862E-02
  0.752300262     -0.658820391       2.15319786E-02
  0.788117886     -0.615524352       3.81598659E-02
  0.809017003     -0.587785244       5.29743731E-02
  0.828940272     -0.559337139       7.21117333E-02
  0.859048963     -0.511893392      0.113933839    
  0.876306653     -0.481753677      0.147359207    
  0.892507374     -0.451032847      0.186960459    
  0.916432381     -0.400189579      0.263981760    
  0.929776490     -0.368124545      0.318834454    
  0.941999078     -0.335615486      0.378096849    
  0.959363103     -0.282174528      0.479661167    
  0.968583167     -0.248689890      0.543073654    
  0.976634920     -0.214905262      0.604481995    
  0.987164080     -0.159709439      0.694048882    
  0.992114723     -0.125333235      0.740038157    
  0.995868623      -9.08058509E-02  0.776658893    
  0.999396861      -3.47256102E-02  0.812508762    
   1.00000000      -2.44929371E-16  0.818776429    
