   1.00000000       0.00000000      -5.18407705E-06
  0.999396861       3.47256102E-02   3.25118177E-09
  0.995868623       9.08058509E-02   1.88751767E-06
  0.992114723      0.125333235      -1.14381612E-06
  0.987164080      0.159709439      -1.98734801E-06
  0.976634920      0.214905262       7.18162937E-06
  0.968583167      0.248689890       1.12772123E-05
  0.959363103      0.282174528       1.60681486E-06
  0.941999078      0.335615486      -1.72653145E-05
  0.929776490      0.368124545      -4.54631590E-05
  0.916432381      0.400189579      -7.52626438E-05
  0.892507374      0.451032847       4.87901198E-05
  0.876306653      0.481753677       4.50135121E-04
  0.859048963      0.511893392       1.44002051E-03
  0.828940272      0.559337139       5.47813950E-03
  0.809017003      0.587785244       1.05743231E-02
  0.788117886      0.615524352       1.87300816E-02
  0.752300262      0.658820391       4.09062430E-02
  0.728968620      0.684547126       6.17039949E-02
  0.704757631      0.709448099       8.87620002E-02
  0.663796067      0.747913599      0.146257475    
  0.637423992      0.770513237      0.189503178    
  0.610283017      0.792183459      0.237123877    
  0.564823449      0.825211763      0.318326503    
  0.535826802      0.844327927      0.367009461    
  0.506183803      0.862425625      0.411233485    
  0.456943184      0.889495909      0.466818482    
  0.425779283      0.904827058      0.488069177    
  0.394101828      0.919066787      0.497848034    
  0.341856629      0.939752102      0.488855064    
  0.309017003      0.951056540      0.469153821    
  0.275804609      0.961213708      0.440434813    
  0.221378833      0.975187898      0.380040258    
  0.187381312      0.982287228      0.337685972    
  0.153157771      0.988201737      0.294090599    
   9.74097401E-02  0.995244384      0.225635976    
   6.27905205E-02  0.998026729      0.186841771    
   2.80955620E-02  0.999605238      0.151873752    
  -2.80955620E-02  0.999605238      0.104557559    
  -6.27905205E-02  0.998026729       8.11062679E-02
  -9.74097401E-02  0.995244384       6.18309639E-02
 -0.153157771      0.988201737       3.84640843E-02
 -0.187381312      0.982287228       2.80710254E-02
 -0.221378833      0.975187898       2.01524552E-02
 -0.275804609      0.961213708       1.13868956E-02
 -0.309017003      0.951056540       7.84452073E-03
 -0.341856629      0.939752102       5.32180443E-03
 -0.394101828      0.919066787       2.74413708E-03
 -0.425779283      0.904827058       1.78531406E-03
 -0.456943184      0.889495909       1.14942470E-03
 -0.506183803      0.862425625       5.42992086E-04
 -0.535826802      0.844327927       3.32134106E-04
 -0.564823449      0.825211763       2.05268429E-04
 -0.610283017      0.792183459       8.85917543E-05
 -0.637423992      0.770513237       5.23513881E-05
 -0.663796067      0.747913599       2.87841613E-05
 -0.704757631      0.709448099       1.32906735E-05
 -0.728968620      0.684547126       8.39381210E-06
 -0.752300262      0.658820391       1.93606729E-06
 -0.788117886      0.615524352       2.17478305E-06
 -0.809017003      0.587785244      -3.00213863E-08
 -0.828940272      0.559337139       3.95331597E-07
 -0.859048963      0.511893392       5.94598305E-07
 -0.876306653      0.481753677       3.69003828E-07
 -0.892507374      0.451032847      -1.62310687E-06
 -0.916432381      0.400189579       1.68986901E-06
 -0.929776490      0.368124545       2.98111468E-06
 -0.941999078      0.335615486      -2.40080021E-06
 -0.959363103      0.282174528      -4.59125232E-07
 -0.968583167      0.248689890       1.20193761E-06
 -0.976634920      0.214905262       3.18341131E-06
 -0.987164080      0.159709439      -4.69641918E-06
 -0.992114723      0.125333235      -1.99910755E-06
 -0.995868623       9.08058509E-02   4.98236250E-06
 -0.999396861       3.47256102E-02  -1.50929088E-06
  -1.00000000       1.22464685E-16  -2.63397033E-06
 -0.999396861      -3.47256102E-02  -1.50929088E-06
 -0.995868623      -9.08058509E-02   4.98236250E-06
 -0.992114723     -0.125333235      -1.99910755E-06
 -0.987164080     -0.159709439      -4.69641918E-06
 -0.976634920     -0.214905262       3.18341131E-06
 -0.968583167     -0.248689890       1.20193761E-06
 -0.959363103     -0.282174528      -4.59125232E-07
 -0.941999078     -0.335615486      -2.40080021E-06
 -0.929776490     -0.368124545       2.98111468E-06
 -0.916432381     -0.400189579       1.68986901E-06
 -0.892507374     -0.451032847      -1.62310687E-06
 -0.876306653     -0.481753677       3.69003828E-07
 -0.859048963     -0.511893392       5.94598305E-07
 -0.828940272     -0.559337139       3.95331597E-07
 -0.809017003     -0.587785244      -3.00213863E-08
 -0.788117886     -0.615524352       2.17478305E-06
 -0.752300262     -0.658820391       1.93606729E-06
 -0.728968620     -0.684547126       8.39381210E-06
 -0.704757631     -0.709448099       1.32906735E-05
 -0.663796067     -0.747913599       2.87841613E-05
 -0.637423992     -0.770513237       5.23513881E-05
 -0.610283017     -0.792183459       8.85917543E-05
 -0.564823449     -0.825211763       2.05268429E-04
 -0.535826802     -0.844327927       3.32134106E-04
 -0.506183803     -0.862425625       5.42992086E-04
 -0.456943184     -0.889495909       1.14942470E-03
 -0.425779283     -0.904827058       1.78531406E-03
 -0.394101828     -0.919066787       2.74413708E-03
 -0.341856629     -0.939752102       5.32180443E-03
 -0.309017003     -0.951056540       7.84452073E-03
 -0.275804609     -0.961213708       1.13868956E-02
 -0.221378833     -0.975187898       2.01524552E-02
 -0.187381312     -0.982287228       2.80710254E-02
 -0.153157771     -0.988201737       3.84640843E-02
  -9.74097401E-02 -0.995244384       6.18309639E-02
  -6.27905205E-02 -0.998026729       8.11062679E-02
  -2.80955620E-02 -0.999605238      0.104557559    
   2.80955620E-02 -0.999605238      0.151873752    
   6.27905205E-02 -0.998026729      0.186841771    
   9.74097401E-02 -0.995244384      0.225635976    
  0.153157771     -0.988201737      0.294090599    
  0.187381312     -0.982287228      0.337685972    
  0.221378833     -0.975187898      0.380040258    
  0.275804609     -0.961213708      0.440434813    
  0.309017003     -0.951056540      0.469153821    
  0.341856629     -0.939752102      0.488855064    
  0.394101828     -0.919066787      0.497848034    
  0.425779283     -0.904827058      0.488069177    
  0.456943184     -0.889495909      0.466818482    
  0.506183803     -0.862425625      0.411233485    
  0.535826802     -0.844327927      0.367009461    
  0.564823449     -0.825211763      0.318326503    
  0.610283017     -0.792183459      0.237123877    
  0.637423992     -0.770513237      0.189503178    
  0.663796067     -0.747913599      0.146257475    
  0.704757631     -0.709448099       8.87620002E-02
  0.728968620     -0.684547126       6.17039949E-02
  0.752300262     -0.658820391       4.09062430E-02
  0.788117886     -0.615524352       1.87300816E-02
  0.809017003     -0.587785244       1.05743231E-02
  0.828940272     -0.559337139       5.47813950E-03
  0.859048963     -0.511893392       1.44002051E-03
  0.876306653     -0.481753677       4.50135121E-04
  0.892507374     -0.451032847       4.87901198E-05
  0.916432381     -0.400189579      -7.52626438E-05
  0.929776490     -0.368124545      -4.54631590E-05
  0.941999078     -0.335615486      -1.72653145E-05
  0.959363103     -0.282174528       1.60681486E-06
  0.968583167     -0.248689890       1.12772123E-05
  0.976634920     -0.214905262       7.18162937E-06
  0.987164080     -0.159709439      -1.98734801E-06
  0.992114723     -0.125333235      -1.14381612E-06
  0.995868623      -9.08058509E-02   1.88751767E-06
  0.999396861      -3.47256102E-02   3.25118221E-09
   1.00000000      -2.44929371E-16  -5.18407705E-06
