   1.00000000       0.00000000       3.42039698E-07
  0.999396861       3.47256102E-02   6.14405337E-07
  0.995868623       9.08058509E-02  -2.34962215E-07
  0.992114723      0.125333235       2.84154589E-06
  0.987164080      0.159709439       3.53111687E-07
  0.976634920      0.214905262      -8.48098443E-06
  0.968583167      0.248689890      -2.78409948E-06
  0.959363103      0.282174528       2.71093927E-06
  0.941999078      0.335615486       6.18312561E-06
  0.929776490      0.368124545       1.63968543E-05
  0.916432381      0.400189579       2.90613025E-05
  0.892507374      0.451032847       5.71310056E-06
  0.876306653      0.481753677      -4.01068210E-05
  0.859048963      0.511893392      -9.18204314E-05
  0.828940272      0.559337139      -1.36418457E-04
  0.809017003      0.587785244      -1.04723724E-04
  0.788117886      0.615524352       1.88560716E-05
  0.752300262      0.658820391       4.46428719E-04
  0.728968620      0.684547126       7.49189116E-04
  0.704757631      0.709448099       9.26313340E-04
  0.663796067      0.747913599       4.90869570E-04
  0.637423992      0.770513237      -5.03483345E-04
  0.610283017      0.792183459      -2.14508269E-03
  0.564823449      0.825211763      -5.70791215E-03
  0.535826802      0.844327927      -7.62228202E-03
  0.506183803      0.862425625      -8.22179299E-03
  0.456943184      0.889495909      -3.17097479E-03
  0.425779283      0.904827058       5.96900610E-03
  0.394101828      0.919066787       2.13498082E-02
  0.341856629      0.939752102       6.18611127E-02
  0.309017003      0.951056540       9.70159322E-02
  0.275804609      0.961213708      0.139276668    
  0.221378833      0.975187898      0.218984127    
  0.187381312      0.982287228      0.271769196    
  0.153157771      0.988201737      0.324050337    
   9.74097401E-02  0.995244384      0.400450855    
   6.27905205E-02  0.998026729      0.438575655    
   2.80955620E-02  0.999605238      0.467341840    
  -2.80955620E-02  0.999605238      0.491115689    
  -6.27905205E-02  0.998026729      0.491256922    
  -9.74097401E-02  0.995244384      0.480870485    
 -0.153157771      0.988201737      0.444907010    
 -0.187381312      0.982287228      0.413489133    
 -0.221378833      0.975187898      0.377318799    
 -0.275804609      0.961213708      0.313548714    
 -0.309017003      0.951056540      0.273592383    
 -0.341856629      0.939752102      0.234918818    
 -0.394101828      0.919066787      0.177654356    
 -0.425779283      0.904827058      0.146574453    
 -0.456943184      0.889495909      0.119195685    
 -0.506183803      0.862425625       8.28000829E-02
 -0.535826802      0.844327927       6.49298504E-02
 -0.564823449      0.825211763       5.02493568E-02
 -0.610283017      0.792183459       3.22849415E-02
 -0.637423992      0.770513237       2.41618436E-02
 -0.663796067      0.747913599       1.78564470E-02
 -0.704757631      0.709448099       1.06706209E-02
 -0.728968620      0.684547126       7.64611037E-03
 -0.752300262      0.658820391       5.40719740E-03
 -0.788117886      0.615524352       3.02176247E-03
 -0.809017003      0.587785244       2.07285793E-03
 -0.828940272      0.559337139       1.40882807E-03
 -0.859048963      0.511893392       7.38499162E-04
 -0.876306653      0.481753677       4.83521842E-04
 -0.892507374      0.451032847       3.19849729E-04
 -0.916432381      0.400189579       1.54535286E-04
 -0.929776490      0.368124545       1.01180194E-04
 -0.941999078      0.335615486       6.34917596E-05
 -0.959363103      0.282174528       2.73614005E-05
 -0.968583167      0.248689890       2.14762586E-05
 -0.976634920      0.214905262       9.84980488E-06
 -0.987164080      0.159709439       5.64621996E-06
 -0.992114723      0.125333235       1.96213682E-06
 -0.995868623       9.08058509E-02   8.96253653E-07
 -0.999396861       3.47256102E-02   2.22954895E-06
  -1.00000000       1.22464685E-16  -3.13280657E-06
 -0.999396861      -3.47256102E-02   2.22954895E-06
 -0.995868623      -9.08058509E-02   8.96253653E-07
 -0.992114723     -0.125333235       1.96213682E-06
 -0.987164080     -0.159709439       5.64621996E-06
 -0.976634920     -0.214905262       9.84980488E-06
 -0.968583167     -0.248689890       2.14762586E-05
 -0.959363103     -0.282174528       2.73614005E-05
 -0.941999078     -0.335615486       6.34917596E-05
 -0.929776490     -0.368124545       1.01180194E-04
 -0.916432381     -0.400189579       1.54535286E-04
 -0.892507374     -0.451032847       3.19849729E-04
 -0.876306653     -0.481753677       4.83521842E-04
 -0.859048963     -0.511893392       7.38499162E-04
 -0.828940272     -0.559337139       1.40882807E-03
 -0.809017003     -0.587785244       2.07285793E-03
 -0.788117886     -0.615524352       3.02176247E-03
 -0.752300262     -0.658820391       5.40719740E-03
 -0.728968620     -0.684547126       7.64611037E-03
 -0.704757631     -0.709448099       1.06706209E-02
 -0.663796067     -0.747913599       1.78564470E-02
 -0.637423992     -0.770513237       2.41618436E-02
 -0.610283017     -0.792183459       3.22849415E-02
 -0.564823449     -0.825211763       5.02493568E-02
 -0.535826802     -0.844327927       6.49298504E-02
 -0.506183803     -0.862425625       8.28000829E-02
 -0.456943184     -0.889495909      0.119195685    
 -0.425779283     -0.904827058      0.146574453    
 -0.394101828     -0.919066787      0.177654356    
 -0.341856629     -0.939752102      0.234918818    
 -0.309017003     -0.951056540      0.273592383    
 -0.275804609     -0.961213708      0.313548714    
 -0.221378833     -0.975187898      0.377318799    
 -0.187381312     -0.982287228      0.413489133    
 -0.153157771     -0.988201737      0.444907010    
  -9.74097401E-02 -0.995244384      0.480870485    
  -6.27905205E-02 -0.998026729      0.491256922    
  -2.80955620E-02 -0.999605238      0.491115689    
   2.80955620E-02 -0.999605238      0.467341840    
   6.27905205E-02 -0.998026729      0.438575655    
   9.74097401E-02 -0.995244384      0.400450855    
  0.153157771     -0.988201737      0.324050337    
  0.187381312     -0.982287228      0.271769196    
  0.221378833     -0.975187898      0.218984127    
  0.275804609     -0.961213708      0.139276668    
  0.309017003     -0.951056540       9.70159322E-02
  0.341856629     -0.939752102       6.18611127E-02
  0.394101828     -0.919066787       2.13498082E-02
  0.425779283     -0.904827058       5.96900610E-03
  0.456943184     -0.889495909      -3.17097479E-03
  0.506183803     -0.862425625      -8.22179299E-03
  0.535826802     -0.844327927      -7.62228202E-03
  0.564823449     -0.825211763      -5.70791215E-03
  0.610283017     -0.792183459      -2.14508269E-03
  0.637423992     -0.770513237      -5.03483345E-04
  0.663796067     -0.747913599       4.90869570E-04
  0.704757631     -0.709448099       9.26313340E-04
  0.728968620     -0.684547126       7.49189116E-04
  0.752300262     -0.658820391       4.46428719E-04
  0.788117886     -0.615524352       1.88560716E-05
  0.809017003     -0.587785244      -1.04723724E-04
  0.828940272     -0.559337139      -1.36418457E-04
  0.859048963     -0.511893392      -9.18204314E-05
  0.876306653     -0.481753677      -4.01068210E-05
  0.892507374     -0.451032847       5.71310056E-06
  0.916432381     -0.400189579       2.90613025E-05
  0.929776490     -0.368124545       1.63968543E-05
  0.941999078     -0.335615486       6.18312561E-06
  0.959363103     -0.282174528       2.71093927E-06
  0.968583167     -0.248689890      -2.78409948E-06
  0.976634920     -0.214905262      -8.48098443E-06
  0.987164080     -0.159709439       3.53111687E-07
  0.992114723     -0.125333235       2.84154589E-06
  0.995868623      -9.08058509E-02  -2.34962215E-07
  0.999396861      -3.47256102E-02   6.14405337E-07
   1.00000000      -2.44929371E-16   3.42039698E-07
