   1.00000000       0.00000000      -2.91204546E-04
  0.999396861       3.47256102E-02  -7.58611190E-04
  0.995868623       9.08058509E-02  -3.07022640E-03
  0.992114723      0.125333235      -4.70650196E-03
  0.987164080      0.159709439      -5.54721430E-03
  0.976634920      0.214905262      -2.35164887E-03
  0.968583167      0.248689890       4.54699714E-03
  0.959363103      0.282174528       1.68233067E-02
  0.941999078      0.335615486       5.09217940E-02
  0.929776490      0.368124545       8.18005279E-02
  0.916432381      0.400189579      0.120066568    
  0.892507374      0.451032847      0.195026234    
  0.876306653      0.481753677      0.246542081    
  0.859048963      0.511893392      0.299120337    
  0.828940272      0.559337139      0.379307210    
  0.809017003      0.587785244      0.421507329    
  0.788117886      0.615524352      0.455292463    
  0.752300262      0.658820391      0.488135129    
  0.728968620      0.684547126      0.493780226    
  0.704757631      0.709448099      0.488351464    
  0.663796067      0.747913599      0.458638728    
  0.637423992      0.770513237      0.429775238    
  0.610283017      0.792183459      0.395113140    
  0.564823449      0.825211763      0.331786692    
  0.535826802      0.844327927      0.291111380    
  0.506183803      0.862425625      0.251185685    
  0.456943184      0.889495909      0.191172078    
  0.425779283      0.904827058      0.158212796    
  0.394101828      0.919066787      0.128981039    
  0.341856629      0.939752102       8.98418054E-02
  0.309017003      0.951056540       7.05115870E-02
  0.275804609      0.961213708       5.45728169E-02
  0.221378833      0.975187898       3.50455865E-02
  0.187381312      0.982287228       2.61940379E-02
  0.153157771      0.988201737       1.93181671E-02
   9.74097401E-02  0.995244384       1.14976084E-02
   6.27905205E-02  0.998026729       8.21120292E-03
   2.80955620E-02  0.999605238       5.79189323E-03
  -2.80955620E-02  0.999605238       3.20488308E-03
  -6.27905205E-02  0.998026729       2.19307607E-03
  -9.74097401E-02  0.995244384       1.48410769E-03
 -0.153157771      0.988201737       7.65349367E-04
 -0.187381312      0.982287228       5.02816460E-04
 -0.221378833      0.975187898       3.28314403E-04
 -0.275804609      0.961213708       1.57347647E-04
 -0.309017003      0.951056540       9.61527840E-05
 -0.341856629      0.939752102       6.28753842E-05
 -0.394101828      0.919066787       3.12862649E-05
 -0.425779283      0.904827058       1.55265971E-05
 -0.456943184      0.889495909       5.15799456E-06
 -0.506183803      0.862425625       9.71203281E-06
 -0.535826802      0.844327927       6.19821412E-06
 -0.564823449      0.825211763      -2.73590649E-06
 -0.610283017      0.792183459      -8.17207876E-07
 -0.637423992      0.770513237       2.62904973E-06
 -0.663796067      0.747913599       5.86402348E-06
 -0.704757631      0.709448099      -7.34356627E-06
 -0.728968620      0.684547126      -2.29082639E-06
 -0.752300262      0.658820391       6.41117958E-06
 -0.788117886      0.615524352      -1.45336901E-06
 -0.809017003      0.587785244      -2.13567432E-06
 -0.828940272      0.559337139      -2.45802539E-06
 -0.859048963      0.511893392       4.71542990E-06
 -0.876306653      0.481753677       9.54364737E-07
 -0.892507374      0.451032847      -4.48662558E-06
 -0.916432381      0.400189579       1.57377701E-06
 -0.929776490      0.368124545       2.17750426E-06
 -0.941999078      0.335615486       1.52013186E-07
 -0.959363103      0.282174528      -1.38268138E-06
 -0.968583167      0.248689890       1.54187973E-07
 -0.976634920      0.214905262       4.69489066E-07
 -0.987164080      0.159709439       8.46860416E-07
 -0.992114723      0.125333235      -9.94124662E-07
 -0.995868623       9.08058509E-02  -9.26367591E-07
 -0.999396861       3.47256102E-02   7.51368987E-07
  -1.00000000       1.22464685E-16  -8.68483653E-07
 -0.999396861      -3.47256102E-02   7.51368987E-07
 -0.995868623      -9.08058509E-02  -9.26367591E-07
 -0.992114723     -0.125333235      -9.94124662E-07
 -0.987164080     -0.159709439       8.46860416E-07
 -0.976634920     -0.214905262       4.69489066E-07
 -0.968583167     -0.248689890       1.54187973E-07
 -0.959363103     -0.282174528      -1.38268138E-06
 -0.941999078     -0.335615486       1.52013186E-07
 -0.929776490     -0.368124545       2.17750426E-06
 -0.916432381     -0.400189579       1.57377701E-06
 -0.892507374     -0.451032847      -4.48662558E-06
 -0.876306653     -0.481753677       9.54364737E-07
 -0.859048963     -0.511893392       4.71542990E-06
 -0.828940272     -0.559337139      -2.45802539E-06
 -0.809017003     -0.587785244      -2.13567432E-06
 -0.788117886     -0.615524352      -1.45336901E-06
 -0.752300262     -0.658820391       6.41117958E-06
 -0.728968620     -0.684547126      -2.29082639E-06
 -0.704757631     -0.709448099      -7.34356627E-06
 -0.663796067     -0.747913599       5.86402348E-06
 -0.637423992     -0.770513237       2.62904973E-06
 -0.610283017     -0.792183459      -8.17207876E-07
 -0.564823449     -0.825211763      -2.73590649E-06
 -0.535826802     -0.844327927       6.19821458E-06
 -0.506183803     -0.862425625       9.71203281E-06
 -0.456943184     -0.889495909       5.15799456E-06
 -0.425779283     -0.904827058       1.55265971E-05
 -0.394101828     -0.919066787       3.12862649E-05
 -0.341856629     -0.939752102       6.28753842E-05
 -0.309017003     -0.951056540       9.61527840E-05
 -0.275804609     -0.961213708       1.57347647E-04
 -0.221378833     -0.975187898       3.28314403E-04
 -0.187381312     -0.982287228       5.02816460E-04
 -0.153157771     -0.988201737       7.65349367E-04
  -9.74097401E-02 -0.995244384       1.48410769E-03
  -6.27905205E-02 -0.998026729       2.19307607E-03
  -2.80955620E-02 -0.999605238       3.20488308E-03
   2.80955620E-02 -0.999605238       5.79189323E-03
   6.27905205E-02 -0.998026729       8.21120292E-03
   9.74097401E-02 -0.995244384       1.14976084E-02
  0.153157771     -0.988201737       1.93181671E-02
  0.187381312     -0.982287228       2.61940379E-02
  0.221378833     -0.975187898       3.50455865E-02
  0.275804609     -0.961213708       5.45728169E-02
  0.309017003     -0.951056540       7.05115870E-02
  0.341856629     -0.939752102       8.98418054E-02
  0.394101828     -0.919066787      0.128981039    
  0.425779283     -0.904827058      0.158212796    
  0.456943184     -0.889495909      0.191172078    
  0.506183803     -0.862425625      0.251185685    
  0.535826802     -0.844327927      0.291111380    
  0.564823449     -0.825211763      0.331786692    
  0.610283017     -0.792183459      0.395113140    
  0.637423992     -0.770513237      0.429775238    
  0.663796067     -0.747913599      0.458638728    
  0.704757631     -0.709448099      0.488351464    
  0.728968620     -0.684547126      0.493780226    
  0.752300262     -0.658820391      0.488135129    
  0.788117886     -0.615524352      0.455292463    
  0.809017003     -0.587785244      0.421507329    
  0.828940272     -0.559337139      0.379307210    
  0.859048963     -0.511893392      0.299120337    
  0.876306653     -0.481753677      0.246542081    
  0.892507374     -0.451032847      0.195026234    
  0.916432381     -0.400189579      0.120066568    
  0.929776490     -0.368124545       8.18005279E-02
  0.941999078     -0.335615486       5.09217940E-02
  0.959363103     -0.282174528       1.68233067E-02
  0.968583167     -0.248689890       4.54699714E-03
  0.976634920     -0.214905262      -2.35164887E-03
  0.987164080     -0.159709439      -5.54721430E-03
  0.992114723     -0.125333235      -4.70650196E-03
  0.995868623      -9.08058509E-02  -3.07022640E-03
  0.999396861      -3.47256102E-02  -7.58611190E-04
   1.00000000      -2.44929371E-16  -2.91204546E-04
