   1.00000000       0.00000000      -4.80762992E-07
  0.999396861       3.47256102E-02   5.74342096E-07
  0.995868623       9.08058509E-02  -4.24431448E-07
  0.992114723      0.125333235      -1.51437689E-06
  0.987164080      0.159709439      -2.28011842E-07
  0.976634920      0.214905262       2.63192874E-06
  0.968583167      0.248689890      -7.57614941E-07
  0.959363103      0.282174528      -3.85061958E-06
  0.941999078      0.335615486       3.22974165E-06
  0.929776490      0.368124545       2.68755821E-06
  0.916432381      0.400189579      -9.51417690E-07
  0.892507374      0.451032847      -1.89380239E-06
  0.876306653      0.481753677       4.33640071E-06
  0.859048963      0.511893392       8.04316460E-06
  0.828940272      0.559337139       2.93459129E-06
  0.809017003      0.587785244       1.34889206E-05
  0.788117886      0.615524352       2.86216527E-05
  0.752300262      0.658820391       5.75988270E-05
  0.728968620      0.684547126       9.41308463E-05
  0.704757631      0.709448099       1.55955713E-04
  0.663796067      0.747913599       3.45549954E-04
  0.637423992      0.770513237       5.41410758E-04
  0.610283017      0.792183459       8.42670444E-04
  0.564823449      0.825211763       1.70289690E-03
  0.535826802      0.844327927       2.56785611E-03
  0.506183803      0.862425625       3.82315903E-03
  0.456943184      0.889495909       7.08724232E-03
  0.425779283      0.904827058       1.01861600E-02
  0.394101828      0.919066787       1.44363688E-02
  0.341856629      0.939752102       2.46006418E-02
  0.309017003      0.951056540       3.35573666E-02
  0.275804609      0.961213708       4.50944938E-02
  0.221378833      0.975187898       7.03876987E-02
  0.187381312      0.982287228       9.08146650E-02
  0.153157771      0.988201737      0.115298755    
   9.74097401E-02  0.995244384      0.163839981    
   6.27905205E-02  0.998026729      0.199126586    
   2.80955620E-02  0.999605238      0.237831190    
  -2.80955620E-02  0.999605238      0.305240363    
  -6.27905205E-02  0.998026729      0.347619712    
  -9.74097401E-02  0.995244384      0.388390481    
 -0.153157771      0.988201737      0.445641756    
 -0.187381312      0.982287228      0.472251326    
 -0.221378833      0.975187898      0.489843488    
 -0.275804609      0.961213708      0.495587707    
 -0.309017003      0.951056540      0.484013528    
 -0.341856629      0.939752102      0.461123556    
 -0.394101828      0.919066787      0.403223783    
 -0.425779283      0.904827058      0.357748061    
 -0.456943184      0.889495909      0.307943135    
 -0.506183803      0.862425625      0.225337654    
 -0.535826802      0.844327927      0.177168563    
 -0.564823449      0.825211763      0.133726940    
 -0.610283017      0.792183459       7.67671913E-02
 -0.637423992      0.770513237       5.05698845E-02
 -0.663796067      0.747913599       3.09971739E-02
 -0.704757631      0.709448099       1.12783564E-02
 -0.728968620      0.684547126       4.74632438E-03
 -0.752300262      0.658820391       1.18530740E-03
 -0.788117886      0.615524352      -8.10646568E-04
 -0.809017003      0.587785244      -8.73216544E-04
 -0.828940272      0.559337139      -6.26829627E-04
 -0.859048963      0.511893392      -1.89255035E-04
 -0.876306653      0.481753677      -2.05663873E-05
 -0.892507374      0.451032847       5.06102733E-05
 -0.916432381      0.400189579       5.38633503E-05
 -0.929776490      0.368124545       3.23778477E-05
 -0.941999078      0.335615486       9.97680854E-06
 -0.959363103      0.282174528      -3.06021843E-06
 -0.968583167      0.248689890      -6.94421306E-06
 -0.976634920      0.214905262      -5.95659321E-06
 -0.987164080      0.159709439       1.86485397E-06
 -0.992114723      0.125333235      -1.17566891E-07
 -0.995868623       9.08058509E-02  -9.91847742E-07
 -0.999396861       3.47256102E-02   9.52436153E-07
  -1.00000000       1.22464685E-16   1.06529001E-07
 -0.999396861      -3.47256102E-02   9.52436153E-07
 -0.995868623      -9.08058509E-02  -9.91847742E-07
 -0.992114723     -0.125333235      -1.17566884E-07
 -0.987164080     -0.159709439       1.86485397E-06
 -0.976634920     -0.214905262      -5.95659321E-06
 -0.968583167     -0.248689890      -6.94421306E-06
 -0.959363103     -0.282174528      -3.06021843E-06
 -0.941999078     -0.335615486       9.97680854E-06
 -0.929776490     -0.368124545       3.23778477E-05
 -0.916432381     -0.400189579       5.38633503E-05
 -0.892507374     -0.451032847       5.06102733E-05
 -0.876306653     -0.481753677      -2.05663873E-05
 -0.859048963     -0.511893392      -1.89255035E-04
 -0.828940272     -0.559337139      -6.26829627E-04
 -0.809017003     -0.587785244      -8.73216544E-04
 -0.788117886     -0.615524352      -8.10646568E-04
 -0.752300262     -0.658820391       1.18530740E-03
 -0.728968620     -0.684547126       4.74632438E-03
 -0.704757631     -0.709448099       1.12783564E-02
 -0.663796067     -0.747913599       3.09971739E-02
 -0.637423992     -0.770513237       5.05698845E-02
 -0.610283017     -0.792183459       7.67671913E-02
 -0.564823449     -0.825211763      0.133726940    
 -0.535826802     -0.844327927      0.177168563    
 -0.506183803     -0.862425625      0.225337654    
 -0.456943184     -0.889495909      0.307943135    
 -0.425779283     -0.904827058      0.357748061    
 -0.394101828     -0.919066787      0.403223783    
 -0.341856629     -0.939752102      0.461123556    
 -0.309017003     -0.951056540      0.484013528    
 -0.275804609     -0.961213708      0.495587707    
 -0.221378833     -0.975187898      0.489843488    
 -0.187381312     -0.982287228      0.472251326    
 -0.153157771     -0.988201737      0.445641756    
  -9.74097401E-02 -0.995244384      0.388390481    
  -6.27905205E-02 -0.998026729      0.347619712    
  -2.80955620E-02 -0.999605238      0.305240363    
   2.80955620E-02 -0.999605238      0.237831190    
   6.27905205E-02 -0.998026729      0.199126586    
   9.74097401E-02 -0.995244384      0.163839981    
  0.153157771     -0.988201737      0.115298755    
  0.187381312     -0.982287228       9.08146650E-02
  0.221378833     -0.975187898       7.03876987E-02
  0.275804609     -0.961213708       4.50944938E-02
  0.309017003     -0.951056540       3.35573666E-02
  0.341856629     -0.939752102       2.46006418E-02
  0.394101828     -0.919066787       1.44363688E-02
  0.425779283     -0.904827058       1.01861600E-02
  0.456943184     -0.889495909       7.08724232E-03
  0.506183803     -0.862425625       3.82315903E-03
  0.535826802     -0.844327927       2.56785611E-03
  0.564823449     -0.825211763       1.70289690E-03
  0.610283017     -0.792183459       8.42670444E-04
  0.637423992     -0.770513237       5.41410758E-04
  0.663796067     -0.747913599       3.45549954E-04
  0.704757631     -0.709448099       1.55955713E-04
  0.728968620     -0.684547126       9.41308463E-05
  0.752300262     -0.658820391       5.75988270E-05
  0.788117886     -0.615524352       2.86216527E-05
  0.809017003     -0.587785244       1.34889206E-05
  0.828940272     -0.559337139       2.93459129E-06
  0.859048963     -0.511893392       8.04316460E-06
  0.876306653     -0.481753677       4.33640071E-06
  0.892507374     -0.451032847      -1.89380239E-06
  0.916432381     -0.400189579      -9.51417690E-07
  0.929776490     -0.368124545       2.68755821E-06
  0.941999078     -0.335615486       3.22974165E-06
  0.959363103     -0.282174528      -3.85061958E-06
  0.968583167     -0.248689890      -7.57614941E-07
  0.976634920     -0.214905262       2.63192874E-06
  0.987164080     -0.159709439      -2.28011842E-07
  0.992114723     -0.125333235      -1.51437689E-06
  0.995868623      -9.08058509E-02  -4.24431448E-07
  0.999396861      -3.47256102E-02   5.74342096E-07
   1.00000000      -2.44929371E-16  -4.80762992E-07
