   1.00000000       0.00000000       2.63845368E-06
  0.999396861       3.47256102E-02   3.57232739E-06
  0.995868623       9.08058509E-02   1.44736587E-05
  0.992114723      0.125333235       3.31149786E-05
  0.987164080      0.159709439       7.68733516E-05
  0.976634920      0.214905262       2.81629153E-04
  0.968583167      0.248689890       5.82059030E-04
  0.959363103      0.282174528       1.15367689E-03
  0.941999078      0.335615486       3.17550637E-03
  0.929776490      0.368124545       5.60520962E-03
  0.916432381      0.400189579       9.49857477E-03
  0.892507374      0.451032847       2.05282643E-02
  0.876306653      0.481753677       3.15027311E-02
  0.859048963      0.511893392       4.66657206E-02
  0.828940272      0.559337139       8.20491016E-02
  0.809017003      0.587785244      0.111505486    
  0.788117886      0.615524352      0.146902412    
  0.752300262      0.658820391      0.215410039    
  0.728968620      0.684547126      0.262770861    
  0.704757631      0.709448099      0.311700284    
  0.663796067      0.747913599      0.387945741    
  0.637423992      0.770513237      0.428993464    
  0.610283017      0.792183459      0.462344676    
  0.564823449      0.825211763      0.494878948    
  0.535826802      0.844327927      0.499812096    
  0.506183803      0.862425625      0.492846519    
  0.456943184      0.889495909      0.458418250    
  0.425779283      0.904827058      0.425397724    
  0.394101828      0.919066787      0.385963231    
  0.341856629      0.939752102      0.314680666    
  0.309017003      0.951056540      0.269635171    
  0.275804609      0.961213708      0.226168931    
  0.221378833      0.975187898      0.162823945    
  0.187381312      0.982287228      0.129366383    
  0.153157771      0.988201737      0.100733183    
   9.74097401E-02  0.995244384       6.44288883E-02
   6.27905205E-02  0.998026729       4.76367809E-02
   2.80955620E-02  0.999605238       3.45607549E-02
  -2.80955620E-02  0.999605238       1.97394844E-02
  -6.27905205E-02  0.998026729       1.36231035E-02
  -9.74097401E-02  0.995244384       9.23127960E-03
 -0.153157771      0.988201737       4.73560533E-03
 -0.187381312      0.982287228       3.06095718E-03
 -0.221378833      0.975187898       1.93195674E-03
 -0.275804609      0.961213708       8.97175516E-04
 -0.309017003      0.951056540       5.46218245E-04
 -0.341856629      0.939752102       3.21496686E-04
 -0.394101828      0.919066787       1.31237291E-04
 -0.425779283      0.904827058       7.52665946E-05
 -0.456943184      0.889495909       4.71080457E-05
 -0.506183803      0.862425625       1.32061523E-05
 -0.535826802      0.844327927       7.07729578E-06
 -0.564823449      0.825211763       5.20760432E-06
 -0.610283017      0.792183459       2.67639734E-06
 -0.637423992      0.770513237       5.51320625E-07
 -0.663796067      0.747913599      -8.72761802E-07
 -0.704757631      0.709448099       6.04858883E-07
 -0.728968620      0.684547126      -1.11641464E-06
 -0.752300262      0.658820391       1.45809565E-06
 -0.788117886      0.615524352      -1.48626111E-06
 -0.809017003      0.587785244      -5.43325712E-07
 -0.828940272      0.559337139       7.68197424E-07
 -0.859048963      0.511893392       1.02503498E-06
 -0.876306653      0.481753677      -9.43617522E-08
 -0.892507374      0.451032847      -2.83854229E-06
 -0.916432381      0.400189579       2.91195875E-06
 -0.929776490      0.368124545       1.16050933E-06
 -0.941999078      0.335615486      -1.76119124E-06
 -0.959363103      0.282174528      -1.22196968E-06
 -0.968583167      0.248689890       2.58646401E-06
 -0.976634920      0.214905262       2.60562479E-06
 -0.987164080      0.159709439      -4.13242469E-06
 -0.992114723      0.125333235      -4.62752325E-07
 -0.995868623       9.08058509E-02   3.69144186E-06
 -0.999396861       3.47256102E-02  -7.51555547E-07
  -1.00000000       1.22464685E-16  -3.93652726E-06
 -0.999396861      -3.47256102E-02  -7.51555490E-07
 -0.995868623      -9.08058509E-02   3.69144186E-06
 -0.992114723     -0.125333235      -4.62752325E-07
 -0.987164080     -0.159709439      -4.13242469E-06
 -0.976634920     -0.214905262       2.60562479E-06
 -0.968583167     -0.248689890       2.58646401E-06
 -0.959363103     -0.282174528      -1.22196968E-06
 -0.941999078     -0.335615486      -1.76119124E-06
 -0.929776490     -0.368124545       1.16050933E-06
 -0.916432381     -0.400189579       2.91195875E-06
 -0.892507374     -0.451032847      -2.83854229E-06
 -0.876306653     -0.481753677      -9.43617522E-08
 -0.859048963     -0.511893392       1.02503498E-06
 -0.828940272     -0.559337139       7.68197424E-07
 -0.809017003     -0.587785244      -5.43325712E-07
 -0.788117886     -0.615524352      -1.48626111E-06
 -0.752300262     -0.658820391       1.45809565E-06
 -0.728968620     -0.684547126      -1.11641464E-06
 -0.704757631     -0.709448099       6.04858883E-07
 -0.663796067     -0.747913599      -8.72761802E-07
 -0.637423992     -0.770513237       5.51320625E-07
 -0.610283017     -0.792183459       2.67639734E-06
 -0.564823449     -0.825211763       5.20760432E-06
 -0.535826802     -0.844327927       7.07729578E-06
 -0.506183803     -0.862425625       1.32061523E-05
 -0.456943184     -0.889495909       4.71080457E-05
 -0.425779283     -0.904827058       7.52665946E-05
 -0.394101828     -0.919066787       1.31237291E-04
 -0.341856629     -0.939752102       3.21496686E-04
 -0.309017003     -0.951056540       5.46218245E-04
 -0.275804609     -0.961213708       8.97175516E-04
 -0.221378833     -0.975187898       1.93195674E-03
 -0.187381312     -0.982287228       3.06095718E-03
 -0.153157771     -0.988201737       4.73560533E-03
  -9.74097401E-02 -0.995244384       9.23127960E-03
  -6.27905205E-02 -0.998026729       1.36231035E-02
  -2.80955620E-02 -0.999605238       1.97394844E-02
   2.80955620E-02 -0.999605238       3.45607549E-02
   6.27905205E-02 -0.998026729       4.76367809E-02
   9.74097401E-02 -0.995244384       6.44288883E-02
  0.153157771     -0.988201737      0.100733183    
  0.187381312     -0.982287228      0.129366383    
  0.221378833     -0.975187898      0.162823945    
  0.275804609     -0.961213708      0.226168931    
  0.309017003     -0.951056540      0.269635171    
  0.341856629     -0.939752102      0.314680666    
  0.394101828     -0.919066787      0.385963231    
  0.425779283     -0.904827058      0.425397724    
  0.456943184     -0.889495909      0.458418250    
  0.506183803     -0.862425625      0.492846519    
  0.535826802     -0.844327927      0.499812096    
  0.564823449     -0.825211763      0.494878948    
  0.610283017     -0.792183459      0.462344676    
  0.637423992     -0.770513237      0.428993464    
  0.663796067     -0.747913599      0.387945741    
  0.704757631     -0.709448099      0.311700284    
  0.728968620     -0.684547126      0.262770861    
  0.752300262     -0.658820391      0.215410039    
  0.788117886     -0.615524352      0.146902412    
  0.809017003     -0.587785244      0.111505486    
  0.828940272     -0.559337139       8.20491016E-02
  0.859048963     -0.511893392       4.66657206E-02
  0.876306653     -0.481753677       3.15027311E-02
  0.892507374     -0.451032847       2.05282643E-02
  0.916432381     -0.400189579       9.49857477E-03
  0.929776490     -0.368124545       5.60520962E-03
  0.941999078     -0.335615486       3.17550637E-03
  0.959363103     -0.282174528       1.15367689E-03
  0.968583167     -0.248689890       5.82059030E-04
  0.976634920     -0.214905262       2.81629153E-04
  0.987164080     -0.159709439       7.68733516E-05
  0.992114723     -0.125333235       3.31149786E-05
  0.995868623      -9.08058509E-02   1.44736587E-05
  0.999396861      -3.47256102E-02   3.57232739E-06
   1.00000000      -2.44929371E-16   2.63845368E-06
