   1.00000000       0.00000000      -4.70084933E-06
  0.999396861       3.47256102E-02  -1.46627485E-06
  0.995868623       9.08058509E-02   5.95787378E-06
  0.992114723      0.125333235      -1.38021483E-06
  0.987164080      0.159709439      -6.60146134E-06
  0.976634920      0.214905262       4.51708365E-06
  0.968583167      0.248689890       3.57880253E-06
  0.959363103      0.282174528      -2.02925116E-06
  0.941999078      0.335615486      -2.54753286E-06
  0.929776490      0.368124545       2.40865938E-06
  0.916432381      0.400189579       3.71208284E-06
  0.892507374      0.451032847      -3.51058202E-06
  0.876306653      0.481753677      -1.99302667E-06
  0.859048963      0.511893392       2.09805648E-06
  0.828940272      0.559337139       1.08789357E-06
  0.809017003      0.587785244      -1.58560272E-06
  0.788117886      0.615524352      -2.22021481E-06
  0.752300262      0.658820391       1.81593418E-06
  0.728968620      0.684547126       2.48822016E-06
  0.704757631      0.709448099      -8.96609322E-07
  0.663796067      0.747913599      -1.97201848E-06
  0.637423992      0.770513237       1.51939855E-06
  0.610283017      0.792183459       2.75035404E-06
  0.564823449      0.825211763      -2.38894336E-06
  0.535826802      0.844327927      -2.75137086E-06
  0.506183803      0.862425625       2.15010209E-06
  0.456943184      0.889495909       4.72088999E-07
  0.425779283      0.904827058      -2.25993927E-06
  0.394101828      0.919066787      -7.61358876E-07
  0.341856629      0.939752102       1.10840415E-06
  0.309017003      0.951056540       1.04142453E-06
  0.275804609      0.961213708      -1.20925790E-06
  0.221378833      0.975187898       1.06575010E-06
  0.187381312      0.982287228       7.87697672E-07
  0.153157771      0.988201737      -2.02227238E-06
   9.74097401E-02  0.995244384       4.24448399E-06
   6.27905205E-02  0.998026729       2.28301133E-06
   2.80955620E-02  0.999605238      -7.65112532E-07
  -2.80955620E-02  0.999605238       1.12112421E-05
  -6.27905205E-02  0.998026729       1.67608432E-05
  -9.74097401E-02  0.995244384       2.84119469E-05
 -0.153157771      0.988201737       6.36899204E-05
 -0.187381312      0.982287228       1.15432500E-04
 -0.221378833      0.975187898       2.02143972E-04
 -0.275804609      0.961213708       4.30600456E-04
 -0.309017003      0.951056540       7.06134771E-04
 -0.341856629      0.939752102       1.12654024E-03
 -0.394101828      0.919066787       2.30849837E-03
 -0.425779283      0.904827058       3.52940569E-03
 -0.456943184      0.889495909       5.30239893E-03
 -0.506183803      0.862425625       9.95043851E-03
 -0.535826802      0.844327927       1.43527566E-02
 -0.564823449      0.825211763       2.03800183E-02
 -0.610283017      0.792183459       3.47135663E-02
 -0.637423992      0.770513237       4.71792631E-02
 -0.663796067      0.747913599       6.30505085E-02
 -0.704757631      0.709448099       9.71039236E-02
 -0.728968620      0.684547126      0.123893142    
 -0.752300262      0.658820391      0.155218080    
 -0.788117886      0.615524352      0.214868382    
 -0.809017003      0.587785244      0.256238699    
 -0.828940272      0.559337139      0.299643159    
 -0.859048963      0.511893392      0.369933933    
 -0.876306653      0.481753677      0.410166264    
 -0.892507374      0.451032847      0.445222110    
 -0.916432381      0.400189579      0.485443473    
 -0.929776490      0.368124545      0.497249156    
 -0.941999078      0.335615486      0.497779787    
 -0.959363103      0.282174528      0.474718124    
 -0.968583167      0.248689890      0.447392911    
 -0.976634920      0.214905262      0.412706703    
 -0.987164080      0.159709439      0.349018902    
 -0.992114723      0.125333235      0.310763687    
 -0.995868623       9.08058509E-02  0.277757466    
 -0.999396861       3.47256102E-02  0.243325666    
  -1.00000000       1.22464685E-16  0.237099454    
 -0.999396861      -3.47256102E-02  0.243325666    
 -0.995868623      -9.08058509E-02  0.277757466    
 -0.992114723     -0.125333235      0.310763687    
 -0.987164080     -0.159709439      0.349018902    
 -0.976634920     -0.214905262      0.412706703    
 -0.968583167     -0.248689890      0.447392911    
 -0.959363103     -0.282174528      0.474718124    
 -0.941999078     -0.335615486      0.497779787    
 -0.929776490     -0.368124545      0.497249156    
 -0.916432381     -0.400189579      0.485443473    
 -0.892507374     -0.451032847      0.445222110    
 -0.876306653     -0.481753677      0.410166264    
 -0.859048963     -0.511893392      0.369933933    
 -0.828940272     -0.559337139      0.299643159    
 -0.809017003     -0.587785244      0.256238699    
 -0.788117886     -0.615524352      0.214868382    
 -0.752300262     -0.658820391      0.155218080    
 -0.728968620     -0.684547126      0.123893142    
 -0.704757631     -0.709448099       9.71039236E-02
 -0.663796067     -0.747913599       6.30505085E-02
 -0.637423992     -0.770513237       4.71792631E-02
 -0.610283017     -0.792183459       3.47135663E-02
 -0.564823449     -0.825211763       2.03800183E-02
 -0.535826802     -0.844327927       1.43527566E-02
 -0.506183803     -0.862425625       9.95043851E-03
 -0.456943184     -0.889495909       5.30239893E-03
 -0.425779283     -0.904827058       3.52940569E-03
 -0.394101828     -0.919066787       2.30849837E-03
 -0.341856629     -0.939752102       1.12654024E-03
 -0.309017003     -0.951056540       7.06134771E-04
 -0.275804609     -0.961213708       4.30600456E-04
 -0.221378833     -0.975187898       2.02143972E-04
 -0.187381312     -0.982287228       1.15432500E-04
 -0.153157771     -0.988201737       6.36899204E-05
  -9.74097401E-02 -0.995244384       2.84119469E-05
  -6.27905205E-02 -0.998026729       1.67608432E-05
  -2.80955620E-02 -0.999605238       1.12112421E-05
   2.80955620E-02 -0.999605238      -7.65112532E-07
   6.27905205E-02 -0.998026729       2.28301133E-06
   9.74097401E-02 -0.995244384       4.24448399E-06
  0.153157771     -0.988201737      -2.02227238E-06
  0.187381312     -0.982287228       7.87697672E-07
  0.221378833     -0.975187898       1.06575010E-06
  0.275804609     -0.961213708      -1.20925790E-06
  0.309017003     -0.951056540       1.04142453E-06
  0.341856629     -0.939752102       1.10840415E-06
  0.394101828     -0.919066787      -7.61358876E-07
  0.425779283     -0.904827058      -2.25993927E-06
  0.456943184     -0.889495909       4.72088999E-07
  0.506183803     -0.862425625       2.15010209E-06
  0.535826802     -0.844327927      -2.75137086E-06
  0.564823449     -0.825211763      -2.38894336E-06
  0.610283017     -0.792183459       2.75035404E-06
  0.637423992     -0.770513237       1.51939855E-06
  0.663796067     -0.747913599      -1.97201848E-06
  0.704757631     -0.709448099      -8.96609322E-07
  0.728968620     -0.684547126       2.48822016E-06
  0.752300262     -0.658820391       1.81593418E-06
  0.788117886     -0.615524352      -2.22021481E-06
  0.809017003     -0.587785244      -1.58560272E-06
  0.828940272     -0.559337139       1.08789357E-06
  0.859048963     -0.511893392       2.09805648E-06
  0.876306653     -0.481753677      -1.99302667E-06
  0.892507374     -0.451032847      -3.51058202E-06
  0.916432381     -0.400189579       3.71208284E-06
  0.929776490     -0.368124545       2.40865938E-06
  0.941999078     -0.335615486      -2.54753286E-06
  0.959363103     -0.282174528      -2.02925116E-06
  0.968583167     -0.248689890       3.57880253E-06
  0.976634920     -0.214905262       4.51708365E-06
  0.987164080     -0.159709439      -6.60146134E-06
  0.992114723     -0.125333235      -1.38021483E-06
  0.995868623      -9.08058509E-02   5.95787378E-06
  0.999396861      -3.47256102E-02  -1.46627485E-06
   1.00000000      -2.44929371E-16  -4.70084933E-06
