   1.00000000       0.00000000       5.21420225E-06
  0.999396861       3.47256102E-02   1.34639470E-06
  0.995868623       9.08058509E-02  -6.23933920E-06
  0.992114723      0.125333235       1.86646230E-06
  0.987164080      0.159709439       7.51204880E-06
  0.976634920      0.214905262      -6.41257157E-06
  0.968583167      0.248689890      -3.55694078E-06
  0.959363103      0.282174528       4.36723576E-06
  0.941999078      0.335615486       1.23344478E-06
  0.929776490      0.368124545      -4.42581904E-06
  0.916432381      0.400189579      -3.73901594E-06
  0.892507374      0.451032847       6.75025558E-06
  0.876306653      0.481753677      -8.71766659E-08
  0.859048963      0.511893392      -6.53586631E-06
  0.828940272      0.559337139       3.30013518E-06
  0.809017003      0.587785244       4.42699047E-06
  0.788117886      0.615524352      -9.29382566E-07
  0.752300262      0.658820391      -3.55544876E-06
  0.728968620      0.684547126       1.96935162E-06
  0.704757631      0.709448099       4.62147500E-06
  0.663796067      0.747913599      -3.87885802E-06
  0.637423992      0.770513237      -2.08439519E-06
  0.610283017      0.792183459       2.81438497E-06
  0.564823449      0.825211763       2.35098764E-06
  0.535826802      0.844327927       1.29735599E-06
  0.506183803      0.862425625       2.77924801E-06
  0.456943184      0.889495909       1.70228013E-05
  0.425779283      0.904827058       2.98605319E-05
  0.394101828      0.919066787       5.11811668E-05
  0.341856629      0.939752102       1.30146494E-04
  0.309017003      0.951056540       2.32850391E-04
  0.275804609      0.961213708       4.01956320E-04
  0.221378833      0.975187898       9.19288257E-04
  0.187381312      0.982287228       1.50380097E-03
  0.153157771      0.988201737       2.41885846E-03
   9.74097401E-02  0.995244384       5.00946445E-03
   6.27905205E-02  0.998026729       7.64606334E-03
   2.80955620E-02  0.999605238       1.14602754E-02
  -2.80955620E-02  0.999605238       2.11886615E-02
  -6.27905205E-02  0.998026729       3.01819798E-02
  -9.74097401E-02  0.995244384       4.21450064E-02
 -0.153157771      0.988201737       6.93257675E-02
 -0.187381312      0.982287228       9.18346792E-02
 -0.221378833      0.975187898      0.119164661    
 -0.275804609      0.961213708      0.173761144    
 -0.309017003      0.951056540      0.213396087    
 -0.341856629      0.939752102      0.256507039    
 -0.394101828      0.919066787      0.329885781    
 -0.425779283      0.904827058      0.374374121    
 -0.456943184      0.889495909      0.415421516    
 -0.506183803      0.862425625      0.468415916    
 -0.535826802      0.844327927      0.489386678    
 -0.564823449      0.825211763      0.499368191    
 -0.610283017      0.792183459      0.490370095    
 -0.637423992      0.770513237      0.469615996    
 -0.663796067      0.747913599      0.438682705    
 -0.704757631      0.709448099      0.372279555    
 -0.728968620      0.684547126      0.325156301    
 -0.752300262      0.658820391      0.276582181    
 -0.788117886      0.615524352      0.200999245    
 -0.809017003      0.587785244      0.159137279    
 -0.828940272      0.559337139      0.122458220    
 -0.859048963      0.511893392       7.53576159E-02
 -0.876306653      0.481753677       5.36712334E-02
 -0.892507374      0.451032847       3.70590352E-02
 -0.916432381      0.400189579       1.90366767E-02
 -0.929776490      0.368124545       1.20774861E-02
 -0.941999078      0.335615486       7.41059706E-03
 -0.959363103      0.282174528       3.11994622E-03
 -0.968583167      0.248689890       1.74189289E-03
 -0.976634920      0.214905262       9.41962644E-04
 -0.987164080      0.159709439       3.17425991E-04
 -0.992114723      0.125333235       1.56688577E-04
 -0.995868623       9.08058509E-02   7.46443329E-05
 -0.999396861       3.47256102E-02   2.27237888E-05
  -1.00000000       1.22464685E-16   2.02427273E-05
 -0.999396861      -3.47256102E-02   2.27237888E-05
 -0.995868623      -9.08058509E-02   7.46443329E-05
 -0.992114723     -0.125333235       1.56688577E-04
 -0.987164080     -0.159709439       3.17425991E-04
 -0.976634920     -0.214905262       9.41962644E-04
 -0.968583167     -0.248689890       1.74189289E-03
 -0.959363103     -0.282174528       3.11994622E-03
 -0.941999078     -0.335615486       7.41059706E-03
 -0.929776490     -0.368124545       1.20774861E-02
 -0.916432381     -0.400189579       1.90366767E-02
 -0.892507374     -0.451032847       3.70590352E-02
 -0.876306653     -0.481753677       5.36712334E-02
 -0.859048963     -0.511893392       7.53576159E-02
 -0.828940272     -0.559337139      0.122458220    
 -0.809017003     -0.587785244      0.159137279    
 -0.788117886     -0.615524352      0.200999245    
 -0.752300262     -0.658820391      0.276582181    
 -0.728968620     -0.684547126      0.325156301    
 -0.704757631     -0.709448099      0.372279555    
 -0.663796067     -0.747913599      0.438682705    
 -0.637423992     -0.770513237      0.469615996    
 -0.610283017     -0.792183459      0.490370095    
 -0.564823449     -0.825211763      0.499368191    
 -0.535826802     -0.844327927      0.489386678    
 -0.506183803     -0.862425625      0.468415916    
 -0.456943184     -0.889495909      0.415421516    
 -0.425779283     -0.904827058      0.374374121    
 -0.394101828     -0.919066787      0.329885781    
 -0.341856629     -0.939752102      0.256507039    
 -0.309017003     -0.951056540      0.213396087    
 -0.275804609     -0.961213708      0.173761144    
 -0.221378833     -0.975187898      0.119164661    
 -0.187381312     -0.982287228       9.18346792E-02
 -0.153157771     -0.988201737       6.93257675E-02
  -9.74097401E-02 -0.995244384       4.21450064E-02
  -6.27905205E-02 -0.998026729       3.01819798E-02
  -2.80955620E-02 -0.999605238       2.11886615E-02
   2.80955620E-02 -0.999605238       1.14602754E-02
   6.27905205E-02 -0.998026729       7.64606334E-03
   9.74097401E-02 -0.995244384       5.00946445E-03
  0.153157771     -0.988201737       2.41885846E-03
  0.187381312     -0.982287228       1.50380097E-03
  0.221378833     -0.975187898       9.19288257E-04
  0.275804609     -0.961213708       4.01956320E-04
  0.309017003     -0.951056540       2.32850391E-04
  0.341856629     -0.939752102       1.30146494E-04
  0.394101828     -0.919066787       5.11811668E-05
  0.425779283     -0.904827058       2.98605319E-05
  0.456943184     -0.889495909       1.70228013E-05
  0.506183803     -0.862425625       2.77924801E-06
  0.535826802     -0.844327927       1.29735599E-06
  0.564823449     -0.825211763       2.35098764E-06
  0.610283017     -0.792183459       2.81438497E-06
  0.637423992     -0.770513237      -2.08439519E-06
  0.663796067     -0.747913599      -3.87885802E-06
  0.704757631     -0.709448099       4.62147500E-06
  0.728968620     -0.684547126       1.96935162E-06
  0.752300262     -0.658820391      -3.55544876E-06
  0.788117886     -0.615524352      -9.29382566E-07
  0.809017003     -0.587785244       4.42699047E-06
  0.828940272     -0.559337139       3.30013518E-06
  0.859048963     -0.511893392      -6.53586631E-06
  0.876306653     -0.481753677      -8.71766659E-08
  0.892507374     -0.451032847       6.75025558E-06
  0.916432381     -0.400189579      -3.73901594E-06
  0.929776490     -0.368124545      -4.42581904E-06
  0.941999078     -0.335615486       1.23344478E-06
  0.959363103     -0.282174528       4.36723576E-06
  0.968583167     -0.248689890      -3.55694078E-06
  0.976634920     -0.214905262      -6.41257157E-06
  0.987164080     -0.159709439       7.51204880E-06
  0.992114723     -0.125333235       1.86646230E-06
  0.995868623      -9.08058509E-02  -6.23933920E-06
  0.999396861      -3.47256102E-02   1.34639470E-06
   1.00000000      -2.44929371E-16   5.21420225E-06
