   1.00000000       0.00000000       6.66504204E-02
  0.999396861       3.47256102E-02   6.96662441E-02
  0.995868623       9.08058509E-02   8.73321742E-02
  0.992114723      0.125333235      0.106180295    
  0.987164080      0.159709439      0.130998254    
  0.976634920      0.214905262      0.183008000    
  0.968583167      0.248689890      0.221526280    
  0.959363103      0.282174528      0.263661325    
  0.941999078      0.335615486      0.335510939    
  0.929776490      0.368124545      0.379007936    
  0.916432381      0.400189579      0.419016451    
  0.892507374      0.451032847      0.470331192    
  0.876306653      0.481753677      0.490295440    
  0.859048963      0.511893392      0.499312520    
  0.828940272      0.559337139      0.488860130    
  0.809017003      0.587785244      0.467259854    
  0.788117886      0.615524352      0.435517639    
  0.752300262      0.658820391      0.367868930    
  0.728968620      0.684547126      0.320058733    
  0.704757631      0.709448099      0.270914704    
  0.663796067      0.747913599      0.194742888    
  0.637423992      0.770513237      0.152785778    
  0.610283017      0.792183459      0.116238840    
  0.564823449      0.825211763       6.98041692E-02
  0.535826802      0.844327927       4.87477854E-02
  0.506183803      0.862425625       3.28532532E-02
  0.456943184      0.889495909       1.60372984E-02
  0.425779283      0.904827058       9.77798086E-03
  0.394101828      0.919066787       5.71861723E-03
  0.341856629      0.939752102       2.17400282E-03
  0.309017003      0.951056540       1.11993134E-03
  0.275804609      0.961213708       5.52648038E-04
  0.221378833      0.975187898       1.58814088E-04
  0.187381312      0.982287228       6.52053495E-05
  0.153157771      0.988201737       2.14664906E-05
   9.74097401E-02  0.995244384       1.09624225E-05
   6.27905205E-02  0.998026729       4.70511895E-06
   2.80955620E-02  0.999605238      -2.43430759E-06
  -2.80955620E-02  0.999605238       3.30328533E-07
  -6.27905205E-02  0.998026729       7.97518851E-07
  -9.74097401E-02  0.995244384       2.73430646E-06
 -0.153157771      0.988201737      -4.03388140E-06
 -0.187381312      0.982287228      -2.32977555E-07
 -0.221378833      0.975187898       3.90386549E-06
 -0.275804609      0.961213708      -2.24874293E-06
 -0.309017003      0.951056540      -7.54705638E-07
 -0.341856629      0.939752102       1.31511570E-07
 -0.394101828      0.919066787       1.80048573E-06
 -0.425779283      0.904827058      -1.23494078E-06
 -0.456943184      0.889495909      -1.86117541E-06
 -0.506183803      0.862425625       1.45735487E-06
 -0.535826802      0.844327927       1.25209135E-06
 -0.564823449      0.825211763      -7.90751983E-07
 -0.610283017      0.792183459      -1.07641119E-06
 -0.637423992      0.770513237       2.16673516E-06
 -0.663796067      0.747913599       1.08612187E-06
 -0.704757631      0.709448099      -1.33012509E-06
 -0.728968620      0.684547126      -1.46323350E-06
 -0.752300262      0.658820391       1.21522589E-06
 -0.788117886      0.615524352       5.09607560E-07
 -0.809017003      0.587785244      -1.73011108E-06
 -0.828940272      0.559337139      -1.02639206E-06
 -0.859048963      0.511893392       2.00291538E-06
 -0.876306653      0.481753677       3.85177856E-07
 -0.892507374      0.451032847      -2.29958869E-06
 -0.916432381      0.400189579       1.29047442E-06
 -0.929776490      0.368124545       9.18235287E-07
 -0.941999078      0.335615486      -4.41233610E-08
 -0.959363103      0.282174528      -1.68359043E-06
 -0.968583167      0.248689890       1.13077317E-06
 -0.976634920      0.214905262       2.21891719E-06
 -0.987164080      0.159709439      -2.60550314E-06
 -0.992114723      0.125333235      -1.86028672E-07
 -0.995868623       9.08058509E-02   2.01987768E-06
 -0.999396861       3.47256102E-02  -4.11105333E-07
  -1.00000000       1.22464685E-16  -2.02574074E-06
 -0.999396861      -3.47256102E-02  -4.11105333E-07
 -0.995868623      -9.08058509E-02   2.01987768E-06
 -0.992114723     -0.125333235      -1.86028672E-07
 -0.987164080     -0.159709439      -2.60550314E-06
 -0.976634920     -0.214905262       2.21891719E-06
 -0.968583167     -0.248689890       1.13077317E-06
 -0.959363103     -0.282174528      -1.68359043E-06
 -0.941999078     -0.335615486      -4.41233610E-08
 -0.929776490     -0.368124545       9.18235287E-07
 -0.916432381     -0.400189579       1.29047442E-06
 -0.892507374     -0.451032847      -2.29958869E-06
 -0.876306653     -0.481753677       3.85177884E-07
 -0.859048963     -0.511893392       2.00291538E-06
 -0.828940272     -0.559337139      -1.02639206E-06
 -0.809017003     -0.587785244      -1.73011108E-06
 -0.788117886     -0.615524352       5.09607560E-07
 -0.752300262     -0.658820391       1.21522589E-06
 -0.728968620     -0.684547126      -1.46323350E-06
 -0.704757631     -0.709448099      -1.33012509E-06
 -0.663796067     -0.747913599       1.08612187E-06
 -0.637423992     -0.770513237       2.16673516E-06
 -0.610283017     -0.792183459      -1.07641119E-06
 -0.564823449     -0.825211763      -7.90751983E-07
 -0.535826802     -0.844327927       1.25209135E-06
 -0.506183803     -0.862425625       1.45735487E-06
 -0.456943184     -0.889495909      -1.86117541E-06
 -0.425779283     -0.904827058      -1.23494078E-06
 -0.394101828     -0.919066787       1.80048573E-06
 -0.341856629     -0.939752102       1.31511570E-07
 -0.309017003     -0.951056540      -7.54705638E-07
 -0.275804609     -0.961213708      -2.24874293E-06
 -0.221378833     -0.975187898       3.90386549E-06
 -0.187381312     -0.982287228      -2.32977555E-07
 -0.153157771     -0.988201737      -4.03388140E-06
  -9.74097401E-02 -0.995244384       2.73430646E-06
  -6.27905205E-02 -0.998026729       7.97518851E-07
  -2.80955620E-02 -0.999605238       3.30328533E-07
   2.80955620E-02 -0.999605238      -2.43430759E-06
   6.27905205E-02 -0.998026729       4.70511895E-06
   9.74097401E-02 -0.995244384       1.09624225E-05
  0.153157771     -0.988201737       2.14664906E-05
  0.187381312     -0.982287228       6.52053495E-05
  0.221378833     -0.975187898       1.58814088E-04
  0.275804609     -0.961213708       5.52648038E-04
  0.309017003     -0.951056540       1.11993134E-03
  0.341856629     -0.939752102       2.17400282E-03
  0.394101828     -0.919066787       5.71861723E-03
  0.425779283     -0.904827058       9.77798086E-03
  0.456943184     -0.889495909       1.60372984E-02
  0.506183803     -0.862425625       3.28532532E-02
  0.535826802     -0.844327927       4.87477854E-02
  0.564823449     -0.825211763       6.98041692E-02
  0.610283017     -0.792183459      0.116238840    
  0.637423992     -0.770513237      0.152785778    
  0.663796067     -0.747913599      0.194742888    
  0.704757631     -0.709448099      0.270914704    
  0.728968620     -0.684547126      0.320058733    
  0.752300262     -0.658820391      0.367868930    
  0.788117886     -0.615524352      0.435517639    
  0.809017003     -0.587785244      0.467259854    
  0.828940272     -0.559337139      0.488860130    
  0.859048963     -0.511893392      0.499312520    
  0.876306653     -0.481753677      0.490295440    
  0.892507374     -0.451032847      0.470331192    
  0.916432381     -0.400189579      0.419016451    
  0.929776490     -0.368124545      0.379007936    
  0.941999078     -0.335615486      0.335510939    
  0.959363103     -0.282174528      0.263661325    
  0.968583167     -0.248689890      0.221526280    
  0.976634920     -0.214905262      0.183008000    
  0.987164080     -0.159709439      0.130998254    
  0.992114723     -0.125333235      0.106180295    
  0.995868623      -9.08058509E-02   8.73321742E-02
  0.999396861      -3.47256102E-02   6.96662441E-02
   1.00000000      -2.44929371E-16   6.66504204E-02
