   1.00000000       0.00000000      -2.31016907E-06
  0.999396861       3.47256102E-02  -6.22381606E-07
  0.995868623       9.08058509E-02   2.25325812E-06
  0.992114723      0.125333235       8.16049294E-07
  0.987164080      0.159709439      -2.27009036E-06
  0.976634920      0.214905262      -5.12073768E-07
  0.968583167      0.248689890       3.67840357E-06
  0.959363103      0.282174528       1.87112539E-06
  0.941999078      0.335615486      -4.22500489E-06
  0.929776490      0.368124545      -7.14468968E-07
  0.916432381      0.400189579       4.40456051E-06
  0.892507374      0.451032847      -1.26487487E-06
  0.876306653      0.481753677      -4.77409458E-06
  0.859048963      0.511893392      -3.18801540E-07
  0.828940272      0.559337139       4.17713363E-06
  0.809017003      0.587785244      -1.23110055E-06
  0.788117886      0.615524352      -4.83639906E-06
  0.752300262      0.658820391       3.56220698E-06
  0.728968620      0.684547126       3.07572463E-06
  0.704757631      0.709448099      -2.06592381E-06
  0.663796067      0.747913599      -2.48215770E-06
  0.637423992      0.770513237       1.27984276E-06
  0.610283017      0.792183459       3.52991628E-06
  0.564823449      0.825211763      -6.86353246E-07
  0.535826802      0.844327927       2.85296869E-06
  0.506183803      0.862425625       5.47212221E-06
  0.456943184      0.889495909      -6.73789418E-06
  0.425779283      0.904827058      -1.70169351E-05
  0.394101828      0.919066787      -2.73722017E-05
  0.341856629      0.939752102      -1.59636675E-05
  0.309017003      0.951056540       2.01697312E-05
  0.275804609      0.961213708       8.37818297E-05
  0.221378833      0.975187898       2.16594068E-04
  0.187381312      0.982287228       2.36510852E-04
  0.153157771      0.988201737       1.27725973E-04
   9.74097401E-02  0.995244384      -5.10895334E-04
   6.27905205E-02  0.998026729      -1.24475011E-03
   2.80955620E-02  0.999605238      -2.10437202E-03
  -2.80955620E-02  0.999605238      -2.87793600E-03
  -6.27905205E-02  0.998026729      -1.95731223E-03
  -9.74097401E-02  0.995244384       1.16675545E-03
 -0.153157771      0.988201737       1.39275994E-02
 -0.187381312      0.982287228       2.86029521E-02
 -0.221378833      0.975187898       4.97556552E-02
 -0.275804609      0.961213708       9.91761461E-02
 -0.309017003      0.951056540      0.138966143    
 -0.341856629      0.939752102      0.184721917    
 -0.394101828      0.919066787      0.266804993    
 -0.425779283      0.904827058      0.318636626    
 -0.456943184      0.889495909      0.367993534    
 -0.506183803      0.862425625      0.435681432    
 -0.535826802      0.844327927      0.466284245    
 -0.564823449      0.825211763      0.486324817    
 -0.610283017      0.792183459      0.494657099    
 -0.637423992      0.770513237      0.485242069    
 -0.663796067      0.747913599      0.465875357    
 -0.704757631      0.709448099      0.417622805    
 -0.728968620      0.684547126      0.380473316    
 -0.752300262      0.658820391      0.340199083    
 -0.788117886      0.615524352      0.273207933    
 -0.809017003      0.587785244      0.233210295    
 -0.828940272      0.559337139      0.195752978    
 -0.859048963      0.511893392      0.142459825    
 -0.876306653      0.481753677      0.114662677    
 -0.892507374      0.451032847       9.08800960E-02
 -0.916432381      0.400189579       6.04515038E-02
 -0.929776490      0.368124545       4.60970104E-02
 -0.941999078      0.335615486       3.46548930E-02
 -0.959363103      0.282174528       2.12265328E-02
 -0.968583167      0.248689890       1.54098039E-02
 -0.976634920      0.214905262       1.10537065E-02
 -0.987164080      0.159709439       6.35253824E-03
 -0.992114723      0.125333235       4.50978288E-03
 -0.995868623       9.08058509E-02   3.26340506E-03
 -0.999396861       3.47256102E-02   2.20885500E-03
  -1.00000000       1.22464685E-16   2.03758595E-03
 -0.999396861      -3.47256102E-02   2.20885500E-03
 -0.995868623      -9.08058509E-02   3.26340506E-03
 -0.992114723     -0.125333235       4.50978288E-03
 -0.987164080     -0.159709439       6.35253824E-03
 -0.976634920     -0.214905262       1.10537065E-02
 -0.968583167     -0.248689890       1.54098039E-02
 -0.959363103     -0.282174528       2.12265328E-02
 -0.941999078     -0.335615486       3.46548930E-02
 -0.929776490     -0.368124545       4.60970104E-02
 -0.916432381     -0.400189579       6.04515038E-02
 -0.892507374     -0.451032847       9.08800960E-02
 -0.876306653     -0.481753677      0.114662677    
 -0.859048963     -0.511893392      0.142459825    
 -0.828940272     -0.559337139      0.195752978    
 -0.809017003     -0.587785244      0.233210295    
 -0.788117886     -0.615524352      0.273207933    
 -0.752300262     -0.658820391      0.340199083    
 -0.728968620     -0.684547126      0.380473316    
 -0.704757631     -0.709448099      0.417622805    
 -0.663796067     -0.747913599      0.465875357    
 -0.637423992     -0.770513237      0.485242069    
 -0.610283017     -0.792183459      0.494657099    
 -0.564823449     -0.825211763      0.486324817    
 -0.535826802     -0.844327927      0.466284245    
 -0.506183803     -0.862425625      0.435681432    
 -0.456943184     -0.889495909      0.367993534    
 -0.425779283     -0.904827058      0.318636626    
 -0.394101828     -0.919066787      0.266804993    
 -0.341856629     -0.939752102      0.184721917    
 -0.309017003     -0.951056540      0.138966143    
 -0.275804609     -0.961213708       9.91761461E-02
 -0.221378833     -0.975187898       4.97556552E-02
 -0.187381312     -0.982287228       2.86029521E-02
 -0.153157771     -0.988201737       1.39275994E-02
  -9.74097401E-02 -0.995244384       1.16675545E-03
  -6.27905205E-02 -0.998026729      -1.95731223E-03
  -2.80955620E-02 -0.999605238      -2.87793600E-03
   2.80955620E-02 -0.999605238      -2.10437202E-03
   6.27905205E-02 -0.998026729      -1.24475011E-03
   9.74097401E-02 -0.995244384      -5.10895334E-04
  0.153157771     -0.988201737       1.27725973E-04
  0.187381312     -0.982287228       2.36510852E-04
  0.221378833     -0.975187898       2.16594068E-04
  0.275804609     -0.961213708       8.37818297E-05
  0.309017003     -0.951056540       2.01697312E-05
  0.341856629     -0.939752102      -1.59636675E-05
  0.394101828     -0.919066787      -2.73722017E-05
  0.425779283     -0.904827058      -1.70169351E-05
  0.456943184     -0.889495909      -6.73789418E-06
  0.506183803     -0.862425625       5.47212221E-06
  0.535826802     -0.844327927       2.85296869E-06
  0.564823449     -0.825211763      -6.86353246E-07
  0.610283017     -0.792183459       3.52991628E-06
  0.637423992     -0.770513237       1.27984276E-06
  0.663796067     -0.747913599      -2.48215770E-06
  0.704757631     -0.709448099      -2.06592381E-06
  0.728968620     -0.684547126       3.07572463E-06
  0.752300262     -0.658820391       3.56220698E-06
  0.788117886     -0.615524352      -4.83639906E-06
  0.809017003     -0.587785244      -1.23110055E-06
  0.828940272     -0.559337139       4.17713363E-06
  0.859048963     -0.511893392      -3.18801540E-07
  0.876306653     -0.481753677      -4.77409458E-06
  0.892507374     -0.451032847      -1.26487487E-06
  0.916432381     -0.400189579       4.40456051E-06
  0.929776490     -0.368124545      -7.14468968E-07
  0.941999078     -0.335615486      -4.22500489E-06
  0.959363103     -0.282174528       1.87112539E-06
  0.968583167     -0.248689890       3.67840357E-06
  0.976634920     -0.214905262      -5.12073768E-07
  0.987164080     -0.159709439      -2.27009036E-06
  0.992114723     -0.125333235       8.16049294E-07
  0.995868623      -9.08058509E-02   2.25325812E-06
  0.999396861      -3.47256102E-02  -6.22381606E-07
   1.00000000      -2.44929371E-16  -2.31016907E-06
