   1.00000000       0.00000000      0.152610824    
  0.999396861       3.47256102E-02  0.156846762    
  0.995868623       9.08058509E-02  0.181151301    
  0.992114723      0.125333235      0.206098288    
  0.987164080      0.159709439      0.237506136    
  0.976634920      0.214905262      0.298411220    
  0.968583167      0.248689890      0.339388043    
  0.959363103      0.282174528      0.380266458    
  0.941999078      0.335615486      0.439937860    
  0.929776490      0.368124545      0.468877256    
  0.916432381      0.400189579      0.489070565    
  0.892507374      0.451032847      0.499134004    
  0.876306653      0.481753677      0.490093023    
  0.859048963      0.511893392      0.469566166    
  0.828940272      0.559337139      0.415099978    
  0.809017003      0.587785244      0.371523201    
  0.788117886      0.615524352      0.323438913    
  0.752300262      0.658820391      0.243026063    
  0.728968620      0.684547126      0.195696503    
  0.704757631      0.709448099      0.152566701    
  0.663796067      0.747913599       9.48141739E-02
  0.637423992      0.770513237       6.73202351E-02
  0.610283017      0.792183459       4.59135883E-02
  0.564823449      0.825211763       2.25139800E-02
  0.535826802      0.844327927       1.35757374E-02
  0.506183803      0.862425625       7.73632480E-03
  0.456943184      0.889495909       2.69858330E-03
  0.425779283      0.904827058       1.25692901E-03
  0.394101828      0.919066787       5.22141054E-04
  0.341856629      0.939752102       8.65824186E-05
  0.309017003      0.951056540       2.00971808E-05
  0.275804609      0.961213708       1.02347906E-06
  0.221378833      0.975187898      -3.41686837E-06
  0.187381312      0.982287228       1.32180298E-06
  0.153157771      0.988201737       6.39064774E-06
   9.74097401E-02  0.995244384      -1.57794250E-06
   6.27905205E-02  0.998026729      -3.91195272E-06
   2.80955620E-02  0.999605238       7.25887332E-07
  -2.80955620E-02  0.999605238       3.31396291E-06
  -6.27905205E-02  0.998026729      -1.60621809E-07
  -9.74097401E-02  0.995244384      -5.82422126E-06
 -0.153157771      0.988201737       4.77990807E-06
 -0.187381312      0.982287228       4.33915056E-06
 -0.221378833      0.975187898      -3.85250996E-06
 -0.275804609      0.961213708      -9.24821961E-07
 -0.309017003      0.951056540       2.36871460E-06
 -0.341856629      0.939752102       3.69328995E-06
 -0.394101828      0.919066787      -5.53589371E-06
 -0.425779283      0.904827058      -7.14480791E-07
 -0.456943184      0.889495909       5.19495688E-06
 -0.506183803      0.862425625      -2.15490445E-06
 -0.535826802      0.844327927      -3.23756126E-06
 -0.564823449      0.825211763      -8.43658796E-08
 -0.610283017      0.792183459       3.92744323E-06
 -0.637423992      0.770513237      -4.26093902E-06
 -0.663796067      0.747913599      -3.21503762E-06
 -0.704757631      0.709448099       3.50960659E-06
 -0.728968620      0.684547126       3.51763788E-07
 -0.752300262      0.658820391      -1.72226396E-06
 -0.788117886      0.615524352      -1.57066188E-06
 -0.809017003      0.587785244       6.89395711E-06
 -0.828940272      0.559337139       2.62669346E-07
 -0.859048963      0.511893392      -3.10002042E-06
 -0.876306653      0.481753677       4.43379395E-06
 -0.892507374      0.451032847       6.85285897E-07
 -0.916432381      0.400189579       3.12763234E-07
 -0.929776490      0.368124545      -5.46320962E-06
 -0.941999078      0.335615486       1.07565086E-06
 -0.959363103      0.282174528       2.29972079E-06
 -0.968583167      0.248689890      -8.01828992E-06
 -0.976634920      0.214905262       9.52345886E-07
 -0.987164080      0.159709439       2.16564217E-07
 -0.992114723      0.125333235       1.95767143E-06
 -0.995868623       9.08058509E-02  -7.31907505E-07
 -0.999396861       3.47256102E-02  -1.84325938E-06
  -1.00000000       1.22464685E-16   9.03990440E-06
 -0.999396861      -3.47256102E-02  -1.84325938E-06
 -0.995868623      -9.08058509E-02  -7.31907505E-07
 -0.992114723     -0.125333235       1.95767143E-06
 -0.987164080     -0.159709439       2.16564217E-07
 -0.976634920     -0.214905262       9.52345886E-07
 -0.968583167     -0.248689890      -8.01828992E-06
 -0.959363103     -0.282174528       2.29972079E-06
 -0.941999078     -0.335615486       1.07565086E-06
 -0.929776490     -0.368124545      -5.46320962E-06
 -0.916432381     -0.400189579       3.12763234E-07
 -0.892507374     -0.451032847       6.85285897E-07
 -0.876306653     -0.481753677       4.43379395E-06
 -0.859048963     -0.511893392      -3.10002042E-06
 -0.828940272     -0.559337139       2.62669346E-07
 -0.809017003     -0.587785244       6.89395711E-06
 -0.788117886     -0.615524352      -1.57066188E-06
 -0.752300262     -0.658820391      -1.72226396E-06
 -0.728968620     -0.684547126       3.51763788E-07
 -0.704757631     -0.709448099       3.50960659E-06
 -0.663796067     -0.747913599      -3.21503762E-06
 -0.637423992     -0.770513237      -4.26093902E-06
 -0.610283017     -0.792183459       3.92744323E-06
 -0.564823449     -0.825211763      -8.43658796E-08
 -0.535826802     -0.844327927      -3.23756126E-06
 -0.506183803     -0.862425625      -2.15490445E-06
 -0.456943184     -0.889495909       5.19495688E-06
 -0.425779283     -0.904827058      -7.14480791E-07
 -0.394101828     -0.919066787      -5.53589371E-06
 -0.341856629     -0.939752102       3.69328995E-06
 -0.309017003     -0.951056540       2.36871460E-06
 -0.275804609     -0.961213708      -9.24821961E-07
 -0.221378833     -0.975187898      -3.85250996E-06
 -0.187381312     -0.982287228       4.33915056E-06
 -0.153157771     -0.988201737       4.77990807E-06
  -9.74097401E-02 -0.995244384      -5.82422126E-06
  -6.27905205E-02 -0.998026729      -1.60621809E-07
  -2.80955620E-02 -0.999605238       3.31396291E-06
   2.80955620E-02 -0.999605238       7.25887332E-07
   6.27905205E-02 -0.998026729      -3.91195272E-06
   9.74097401E-02 -0.995244384      -1.57794250E-06
  0.153157771     -0.988201737       6.39064774E-06
  0.187381312     -0.982287228       1.32180298E-06
  0.221378833     -0.975187898      -3.41686837E-06
  0.275804609     -0.961213708       1.02347906E-06
  0.309017003     -0.951056540       2.00971808E-05
  0.341856629     -0.939752102       8.65824186E-05
  0.394101828     -0.919066787       5.22141054E-04
  0.425779283     -0.904827058       1.25692901E-03
  0.456943184     -0.889495909       2.69858330E-03
  0.506183803     -0.862425625       7.73632480E-03
  0.535826802     -0.844327927       1.35757374E-02
  0.564823449     -0.825211763       2.25139800E-02
  0.610283017     -0.792183459       4.59135883E-02
  0.637423992     -0.770513237       6.73202351E-02
  0.663796067     -0.747913599       9.48141739E-02
  0.704757631     -0.709448099      0.152566701    
  0.728968620     -0.684547126      0.195696503    
  0.752300262     -0.658820391      0.243026063    
  0.788117886     -0.615524352      0.323438913    
  0.809017003     -0.587785244      0.371523201    
  0.828940272     -0.559337139      0.415099978    
  0.859048963     -0.511893392      0.469566166    
  0.876306653     -0.481753677      0.490093023    
  0.892507374     -0.451032847      0.499134004    
  0.916432381     -0.400189579      0.489070565    
  0.929776490     -0.368124545      0.468877256    
  0.941999078     -0.335615486      0.439937860    
  0.959363103     -0.282174528      0.380266458    
  0.968583167     -0.248689890      0.339388043    
  0.976634920     -0.214905262      0.298411220    
  0.987164080     -0.159709439      0.237506136    
  0.992114723     -0.125333235      0.206098288    
  0.995868623      -9.08058509E-02  0.181151301    
  0.999396861      -3.47256102E-02  0.156846762    
   1.00000000      -2.44929371E-16  0.152610824    
