   1.00000000       0.00000000       6.99384088E-07
  0.999396861       3.47256102E-02  -6.97033329E-07
  0.995868623       9.08058509E-02   2.66231882E-06
  0.992114723      0.125333235       7.59553018E-07
  0.987164080      0.159709439      -8.63573916E-07
  0.976634920      0.214905262       5.81012409E-06
  0.968583167      0.248689890       9.79933338E-06
  0.959363103      0.282174528       3.64735133E-05
  0.941999078      0.335615486       2.37324813E-04
  0.929776490      0.368124545       5.90652751E-04
  0.916432381      0.400189579       1.32264802E-03
  0.892507374      0.451032847       4.10893653E-03
  0.876306653      0.481753677       7.55971065E-03
  0.859048963      0.511893392       1.31167443E-02
  0.828940272      0.559337139       2.86835358E-02
  0.809017003      0.587785244       4.38390598E-02
  0.788117886      0.615524352       6.42754808E-02
  0.752300262      0.658820391      0.110035948    
  0.728968620      0.684547126      0.146443352    
  0.704757631      0.709448099      0.188490972    
  0.663796067      0.747913599      0.265224695    
  0.637423992      0.770513237      0.314921886    
  0.610283017      0.792183459      0.363369673    
  0.564823449      0.825211763      0.432200849    
  0.535826802      0.844327927      0.464732766    
  0.506183803      0.862425625      0.487149894    
  0.456943184      0.889495909      0.499034137    
  0.425779283      0.904827058      0.490951627    
  0.394101828      0.919066787      0.471955121    
  0.341856629      0.939752102      0.422146797    
  0.309017003      0.951056540      0.382916242    
  0.275804609      0.961213708      0.339997351    
  0.221378833      0.975187898      0.268397272    
  0.187381312      0.982287228      0.225829795    
  0.153157771      0.988201737      0.186272934    
   9.74097401E-02  0.995244384      0.130897790    
   6.27905205E-02  0.998026729      0.102658629    
   2.80955620E-02  0.999605238       7.90322945E-02
  -2.80955620E-02  0.999605238       4.97925207E-02
  -6.27905205E-02  0.998026729       3.65419798E-02
  -9.74097401E-02  0.995244384       2.63535790E-02
 -0.153157771      0.988201737       1.49731711E-02
 -0.187381312      0.982287228       1.03243003E-02
 -0.221378833      0.975187898       6.99011702E-03
 -0.275804609      0.961213708       3.59647023E-03
 -0.309017003      0.951056540       2.34093564E-03
 -0.341856629      0.939752102       1.48936303E-03
 -0.394101828      0.919066787       6.96922827E-04
 -0.425779283      0.904827058       4.25143691E-04
 -0.456943184      0.889495909       2.57555395E-04
 -0.506183803      0.862425625       1.09293578E-04
 -0.535826802      0.844327927       5.90723503E-05
 -0.564823449      0.825211763       3.95489369E-05
 -0.610283017      0.792183459       1.10664187E-05
 -0.637423992      0.770513237       5.17204671E-06
 -0.663796067      0.747913599       7.21798870E-06
 -0.704757631      0.709448099       7.16429440E-07
 -0.728968620      0.684547126       1.80330642E-06
 -0.752300262      0.658820391      -2.17371758E-06
 -0.788117886      0.615524352       2.88976730E-06
 -0.809017003      0.587785244       3.97615304E-06
 -0.828940272      0.559337139      -3.45008016E-06
 -0.859048963      0.511893392      -2.65073567E-07
 -0.876306653      0.481753677       1.68114309E-06
 -0.892507374      0.451032847       3.03484626E-06
 -0.916432381      0.400189579      -3.89193474E-06
 -0.929776490      0.368124545      -3.80937604E-06
 -0.941999078      0.335615486       3.86805505E-06
 -0.959363103      0.282174528       1.39738631E-06
 -0.968583167      0.248689890      -4.81695906E-06
 -0.976634920      0.214905262      -3.97912299E-06
 -0.987164080      0.159709439       6.85807618E-06
 -0.992114723      0.125333235       1.68627241E-06
 -0.995868623       9.08058509E-02  -6.66876758E-06
 -0.999396861       3.47256102E-02   1.37875679E-06
  -1.00000000       1.22464685E-16   6.76294258E-06
 -0.999396861      -3.47256102E-02   1.37875679E-06
 -0.995868623      -9.08058509E-02  -6.66876758E-06
 -0.992114723     -0.125333235       1.68627241E-06
 -0.987164080     -0.159709439       6.85807618E-06
 -0.976634920     -0.214905262      -3.97912299E-06
 -0.968583167     -0.248689890      -4.81695906E-06
 -0.959363103     -0.282174528       1.39738631E-06
 -0.941999078     -0.335615486       3.86805505E-06
 -0.929776490     -0.368124545      -3.80937604E-06
 -0.916432381     -0.400189579      -3.89193474E-06
 -0.892507374     -0.451032847       3.03484626E-06
 -0.876306653     -0.481753677       1.68114309E-06
 -0.859048963     -0.511893392      -2.65073567E-07
 -0.828940272     -0.559337139      -3.45008016E-06
 -0.809017003     -0.587785244       3.97615304E-06
 -0.788117886     -0.615524352       2.88976730E-06
 -0.752300262     -0.658820391      -2.17371758E-06
 -0.728968620     -0.684547126       1.80330642E-06
 -0.704757631     -0.709448099       7.16429440E-07
 -0.663796067     -0.747913599       7.21798870E-06
 -0.637423992     -0.770513237       5.17204671E-06
 -0.610283017     -0.792183459       1.10664187E-05
 -0.564823449     -0.825211763       3.95489369E-05
 -0.535826802     -0.844327927       5.90723503E-05
 -0.506183803     -0.862425625       1.09293578E-04
 -0.456943184     -0.889495909       2.57555395E-04
 -0.425779283     -0.904827058       4.25143691E-04
 -0.394101828     -0.919066787       6.96922827E-04
 -0.341856629     -0.939752102       1.48936303E-03
 -0.309017003     -0.951056540       2.34093564E-03
 -0.275804609     -0.961213708       3.59647023E-03
 -0.221378833     -0.975187898       6.99011702E-03
 -0.187381312     -0.982287228       1.03243003E-02
 -0.153157771     -0.988201737       1.49731711E-02
  -9.74097401E-02 -0.995244384       2.63535790E-02
  -6.27905205E-02 -0.998026729       3.65419798E-02
  -2.80955620E-02 -0.999605238       4.97925207E-02
   2.80955620E-02 -0.999605238       7.90322945E-02
   6.27905205E-02 -0.998026729      0.102658629    
   9.74097401E-02 -0.995244384      0.130897790    
  0.153157771     -0.988201737      0.186272934    
  0.187381312     -0.982287228      0.225829795    
  0.221378833     -0.975187898      0.268397272    
  0.275804609     -0.961213708      0.339997351    
  0.309017003     -0.951056540      0.382916242    
  0.341856629     -0.939752102      0.422146797    
  0.394101828     -0.919066787      0.471955121    
  0.425779283     -0.904827058      0.490951627    
  0.456943184     -0.889495909      0.499034137    
  0.506183803     -0.862425625      0.487149894    
  0.535826802     -0.844327927      0.464732766    
  0.564823449     -0.825211763      0.432200849    
  0.610283017     -0.792183459      0.363369673    
  0.637423992     -0.770513237      0.314921886    
  0.663796067     -0.747913599      0.265224695    
  0.704757631     -0.709448099      0.188490972    
  0.728968620     -0.684547126      0.146443352    
  0.752300262     -0.658820391      0.110035948    
  0.788117886     -0.615524352       6.42754808E-02
  0.809017003     -0.587785244       4.38390598E-02
  0.828940272     -0.559337139       2.86835358E-02
  0.859048963     -0.511893392       1.31167443E-02
  0.876306653     -0.481753677       7.55971065E-03
  0.892507374     -0.451032847       4.10893653E-03
  0.916432381     -0.400189579       1.32264802E-03
  0.929776490     -0.368124545       5.90652751E-04
  0.941999078     -0.335615486       2.37324813E-04
  0.959363103     -0.282174528       3.64735133E-05
  0.968583167     -0.248689890       9.79933338E-06
  0.976634920     -0.214905262       5.81012409E-06
  0.987164080     -0.159709439      -8.63573916E-07
  0.992114723     -0.125333235       7.59553018E-07
  0.995868623      -9.08058509E-02   2.66231882E-06
  0.999396861      -3.47256102E-02  -6.97033329E-07
   1.00000000      -2.44929371E-16   6.99384088E-07
