   1.00000000       0.00000000      -4.90026150E-06
  0.999396861       3.47256102E-02  -1.14268528E-06
  0.995868623       9.08058509E-02   5.41971167E-06
  0.992114723      0.125333235      -1.60858997E-06
  0.987164080      0.159709439      -6.08692335E-06
  0.976634920      0.214905262       4.44481975E-06
  0.968583167      0.248689890       3.73262105E-06
  0.959363103      0.282174528      -2.33076935E-06
  0.941999078      0.335615486      -2.91223046E-06
  0.929776490      0.368124545       3.95544203E-06
  0.916432381      0.400189579       4.61843456E-06
  0.892507374      0.451032847      -6.02540285E-06
  0.876306653      0.481753677      -1.39226233E-06
  0.859048963      0.511893392       4.85832879E-06
  0.828940272      0.559337139      -2.38730593E-07
  0.809017003      0.587785244      -5.42320322E-06
  0.788117886      0.615524352      -1.86844738E-06
  0.752300262      0.658820391       5.84221470E-06
  0.728968620      0.684547126      -1.32257753E-06
  0.704757631      0.709448099      -5.75337026E-06
  0.663796067      0.747913599       3.08559152E-06
  0.637423992      0.770513237       5.32208378E-06
  0.610283017      0.792183459      -1.37125130E-06
  0.564823449      0.825211763      -4.03715740E-06
  0.535826802      0.844327927       4.57963552E-06
  0.506183803      0.862425625       4.40237773E-06
  0.456943184      0.889495909      -4.49688969E-06
  0.425779283      0.904827058      -2.32241382E-06
  0.394101828      0.919066787       2.57581246E-06
  0.341856629      0.939752102       2.36210713E-06
  0.309017003      0.951056540      -6.29427677E-06
  0.275804609      0.961213708      -2.55218038E-06
  0.221378833      0.975187898       4.80458721E-06
  0.187381312      0.982287228      -2.00802356E-06
  0.153157771      0.988201737      -2.08733286E-06
   9.74097401E-02  0.995244384      -1.30189676E-06
   6.27905205E-02  0.998026729       5.85011139E-06
   2.80955620E-02  0.999605238       1.55563737E-06
  -2.80955620E-02  0.999605238      -4.84914972E-06
  -6.27905205E-02  0.998026729       4.41980637E-06
  -9.74097401E-02  0.995244384       1.47844582E-06
 -0.153157771      0.988201737       1.48214497E-06
 -0.187381312      0.982287228       1.41670080E-08
 -0.221378833      0.975187898       4.10998473E-06
 -0.275804609      0.961213708       1.82226461E-06
 -0.309017003      0.951056540      -1.75854057E-05
 -0.341856629      0.939752102      -2.97101669E-05
 -0.394101828      0.919066787      -7.67776874E-06
 -0.425779283      0.904827058       1.37992945E-04
 -0.456943184      0.889495909       5.65497903E-04
 -0.506183803      0.862425625       2.59633432E-03
 -0.535826802      0.844327927       5.42124826E-03
 -0.564823449      0.825211763       1.02507183E-02
 -0.610283017      0.792183459       2.45637689E-02
 -0.637423992      0.770513237       3.89741063E-02
 -0.663796067      0.747913599       5.87597713E-02
 -0.704757631      0.709448099      0.103864834    
 -0.728968620      0.684547126      0.140142456    
 -0.752300262      0.658820391      0.182273924    
 -0.788117886      0.615524352      0.259561539    
 -0.809017003      0.587785244      0.309814751    
 -0.828940272      0.559337139      0.358944207    
 -0.859048963      0.511893392      0.429075927    
 -0.876306653      0.481753677      0.462583452    
 -0.892507374      0.451032847      0.486156672    
 -0.916432381      0.400189579      0.500437915    
 -0.929776490      0.368124545      0.494318873    
 -0.941999078      0.335615486      0.477797747    
 -0.959363103      0.282174528      0.433463603    
 -0.968583167      0.248689890      0.398835689    
 -0.976634920      0.214905262      0.361799479    
 -0.987164080      0.159709439      0.303344697    
 -0.992114723      0.125333235      0.271829426    
 -0.995868623       9.08058509E-02  0.246182114    
 -0.999396861       3.47256102E-02  0.220703095    
  -1.00000000       1.22464685E-16  0.216219395    
 -0.999396861      -3.47256102E-02  0.220703095    
 -0.995868623      -9.08058509E-02  0.246182114    
 -0.992114723     -0.125333235      0.271829426    
 -0.987164080     -0.159709439      0.303344697    
 -0.976634920     -0.214905262      0.361799479    
 -0.968583167     -0.248689890      0.398835689    
 -0.959363103     -0.282174528      0.433463603    
 -0.941999078     -0.335615486      0.477797747    
 -0.929776490     -0.368124545      0.494318873    
 -0.916432381     -0.400189579      0.500437915    
 -0.892507374     -0.451032847      0.486156672    
 -0.876306653     -0.481753677      0.462583452    
 -0.859048963     -0.511893392      0.429075927    
 -0.828940272     -0.559337139      0.358944207    
 -0.809017003     -0.587785244      0.309814751    
 -0.788117886     -0.615524352      0.259561539    
 -0.752300262     -0.658820391      0.182273924    
 -0.728968620     -0.684547126      0.140142456    
 -0.704757631     -0.709448099      0.103864834    
 -0.663796067     -0.747913599       5.87597713E-02
 -0.637423992     -0.770513237       3.89741063E-02
 -0.610283017     -0.792183459       2.45637689E-02
 -0.564823449     -0.825211763       1.02507183E-02
 -0.535826802     -0.844327927       5.42124826E-03
 -0.506183803     -0.862425625       2.59633432E-03
 -0.456943184     -0.889495909       5.65497903E-04
 -0.425779283     -0.904827058       1.37992945E-04
 -0.394101828     -0.919066787      -7.67776874E-06
 -0.341856629     -0.939752102      -2.97101669E-05
 -0.309017003     -0.951056540      -1.75854057E-05
 -0.275804609     -0.961213708       1.82226461E-06
 -0.221378833     -0.975187898       4.10998473E-06
 -0.187381312     -0.982287228       1.41670098E-08
 -0.153157771     -0.988201737       1.48214497E-06
  -9.74097401E-02 -0.995244384       1.47844582E-06
  -6.27905205E-02 -0.998026729       4.41980637E-06
  -2.80955620E-02 -0.999605238      -4.84914972E-06
   2.80955620E-02 -0.999605238       1.55563737E-06
   6.27905205E-02 -0.998026729       5.85011139E-06
   9.74097401E-02 -0.995244384      -1.30189676E-06
  0.153157771     -0.988201737      -2.08733286E-06
  0.187381312     -0.982287228      -2.00802356E-06
  0.221378833     -0.975187898       4.80458721E-06
  0.275804609     -0.961213708      -2.55218038E-06
  0.309017003     -0.951056540      -6.29427677E-06
  0.341856629     -0.939752102       2.36210713E-06
  0.394101828     -0.919066787       2.57581246E-06
  0.425779283     -0.904827058      -2.32241382E-06
  0.456943184     -0.889495909      -4.49688969E-06
  0.506183803     -0.862425625       4.40237773E-06
  0.535826802     -0.844327927       4.57963552E-06
  0.564823449     -0.825211763      -4.03715740E-06
  0.610283017     -0.792183459      -1.37125130E-06
  0.637423992     -0.770513237       5.32208378E-06
  0.663796067     -0.747913599       3.08559152E-06
  0.704757631     -0.709448099      -5.75337026E-06
  0.728968620     -0.684547126      -1.32257753E-06
  0.752300262     -0.658820391       5.84221470E-06
  0.788117886     -0.615524352      -1.86844738E-06
  0.809017003     -0.587785244      -5.42320322E-06
  0.828940272     -0.559337139      -2.38730593E-07
  0.859048963     -0.511893392       4.85832879E-06
  0.876306653     -0.481753677      -1.39226233E-06
  0.892507374     -0.451032847      -6.02540285E-06
  0.916432381     -0.400189579       4.61843456E-06
  0.929776490     -0.368124545       3.95544203E-06
  0.941999078     -0.335615486      -2.91223046E-06
  0.959363103     -0.282174528      -2.33076935E-06
  0.968583167     -0.248689890       3.73262105E-06
  0.976634920     -0.214905262       4.44481975E-06
  0.987164080     -0.159709439      -6.08692335E-06
  0.992114723     -0.125333235      -1.60858997E-06
  0.995868623      -9.08058509E-02   5.41971167E-06
  0.999396861      -3.47256102E-02  -1.14268528E-06
   1.00000000      -2.44929371E-16  -4.90026150E-06
