   1.00000000       0.00000000       5.40554709E-07
  0.999396861       3.47256102E-02  -1.85450197E-08
  0.995868623       9.08058509E-02  -1.89655637E-07
  0.992114723      0.125333235      -6.54297367E-07
  0.987164080      0.159709439       6.23329299E-07
  0.976634920      0.214905262      -2.51670595E-08
  0.968583167      0.248689890      -1.59163801E-06
  0.959363103      0.282174528       3.24238812E-07
  0.941999078      0.335615486       2.02801516E-07
  0.929776490      0.368124545       4.51963132E-07
  0.916432381      0.400189579      -4.85328087E-07
  0.892507374      0.451032847      -1.54757885E-07
  0.876306653      0.481753677       2.20745073E-06
  0.859048963      0.511893392      -4.67012313E-07
  0.828940272      0.559337139      -7.11581890E-07
  0.809017003      0.587785244       1.22583617E-06
  0.788117886      0.615524352       7.23381902E-07
  0.752300262      0.658820391      -8.10624897E-07
  0.728968620      0.684547126      -1.07392134E-06
  0.704757631      0.709448099       7.70975134E-07
  0.663796067      0.747913599       1.10523376E-06
  0.637423992      0.770513237       2.90098683E-07
  0.610283017      0.792183459      -1.73270266E-07
  0.564823449      0.825211763       5.59907357E-06
  0.535826802      0.844327927       8.64966205E-06
  0.506183803      0.862425625       2.44794064E-05
  0.456943184      0.889495909       1.62764583E-04
  0.425779283      0.904827058       4.02116624E-04
  0.394101828      0.919066787       9.23169253E-04
  0.341856629      0.939752102       2.96414294E-03
  0.309017003      0.951056540       5.57212578E-03
  0.275804609      0.961213708       9.88451950E-03
  0.221378833      0.975187898       2.23502479E-02
  0.187381312      0.982287228       3.48708965E-02
  0.153157771      0.988201737       5.21432459E-02
   9.74097401E-02  0.995244384       9.20661166E-02
   6.27905205E-02  0.998026729      0.124818325    
   2.80955620E-02  0.999605238      0.163565591    
  -2.80955620E-02  0.999605238      0.236726671    
  -6.27905205E-02  0.998026729      0.285842866    
  -9.74097401E-02  0.995244384      0.335266829    
 -0.153157771      0.988201737      0.409137398    
 -0.187381312      0.982287228      0.446715355    
 -0.221378833      0.975187898      0.475307375    
 -0.275804609      0.961213708      0.498393774    
 -0.309017003      0.951056540      0.497196496    
 -0.341856629      0.939752102      0.484479040    
 -0.394101828      0.919066787      0.442600131    
 -0.425779283      0.904827058      0.406560361    
 -0.456943184      0.889495909      0.365438849    
 -0.506183803      0.862425625      0.294029415    
 -0.535826802      0.844327927      0.250211269    
 -0.564823449      0.825211763      0.208661646    
 -0.610283017      0.792183459      0.149166912    
 -0.637423992      0.770513237      0.118176326    
 -0.663796067      0.747913599       9.18644071E-02
 -0.704757631      0.709448099       5.87687977E-02
 -0.728968620      0.684547126       4.35277708E-02
 -0.752300262      0.658820391       3.16638313E-02
 -0.788117886      0.615524352       1.82239506E-02
 -0.809017003      0.587785244       1.26662226E-02
 -0.828940272      0.559337139       8.65536183E-03
 -0.859048963      0.511893392       4.49878955E-03
 -0.876306653      0.481753677       2.93854368E-03
 -0.892507374      0.451032847       1.89108460E-03
 -0.916432381      0.400189579       8.98020284E-04
 -0.929776490      0.368124545       5.49732707E-04
 -0.941999078      0.335615486       3.27660615E-04
 -0.959363103      0.282174528       1.45483486E-04
 -0.968583167      0.248689890       8.79767103E-05
 -0.976634920      0.214905262       4.88952173E-05
 -0.987164080      0.159709439       1.29882383E-05
 -0.992114723      0.125333235       1.02918766E-05
 -0.995868623       9.08058509E-02   1.15947241E-05
 -0.999396861       3.47256102E-02   7.99743646E-07
  -1.00000000       1.22464685E-16  -2.66335292E-06
 -0.999396861      -3.47256102E-02   7.99743646E-07
 -0.995868623      -9.08058509E-02   1.15947241E-05
 -0.992114723     -0.125333235       1.02918766E-05
 -0.987164080     -0.159709439       1.29882383E-05
 -0.976634920     -0.214905262       4.88952173E-05
 -0.968583167     -0.248689890       8.79767103E-05
 -0.959363103     -0.282174528       1.45483486E-04
 -0.941999078     -0.335615486       3.27660615E-04
 -0.929776490     -0.368124545       5.49732707E-04
 -0.916432381     -0.400189579       8.98020284E-04
 -0.892507374     -0.451032847       1.89108460E-03
 -0.876306653     -0.481753677       2.93854368E-03
 -0.859048963     -0.511893392       4.49878955E-03
 -0.828940272     -0.559337139       8.65536183E-03
 -0.809017003     -0.587785244       1.26662226E-02
 -0.788117886     -0.615524352       1.82239506E-02
 -0.752300262     -0.658820391       3.16638313E-02
 -0.728968620     -0.684547126       4.35277708E-02
 -0.704757631     -0.709448099       5.87687977E-02
 -0.663796067     -0.747913599       9.18644071E-02
 -0.637423992     -0.770513237      0.118176326    
 -0.610283017     -0.792183459      0.149166912    
 -0.564823449     -0.825211763      0.208661646    
 -0.535826802     -0.844327927      0.250211269    
 -0.506183803     -0.862425625      0.294029415    
 -0.456943184     -0.889495909      0.365438849    
 -0.425779283     -0.904827058      0.406560361    
 -0.394101828     -0.919066787      0.442600131    
 -0.341856629     -0.939752102      0.484479040    
 -0.309017003     -0.951056540      0.497196496    
 -0.275804609     -0.961213708      0.498393774    
 -0.221378833     -0.975187898      0.475307375    
 -0.187381312     -0.982287228      0.446715355    
 -0.153157771     -0.988201737      0.409137398    
  -9.74097401E-02 -0.995244384      0.335266829    
  -6.27905205E-02 -0.998026729      0.285842866    
  -2.80955620E-02 -0.999605238      0.236726671    
   2.80955620E-02 -0.999605238      0.163565591    
   6.27905205E-02 -0.998026729      0.124818325    
   9.74097401E-02 -0.995244384       9.20661166E-02
  0.153157771     -0.988201737       5.21432459E-02
  0.187381312     -0.982287228       3.48708965E-02
  0.221378833     -0.975187898       2.23502479E-02
  0.275804609     -0.961213708       9.88451950E-03
  0.309017003     -0.951056540       5.57212578E-03
  0.341856629     -0.939752102       2.96414294E-03
  0.394101828     -0.919066787       9.23169253E-04
  0.425779283     -0.904827058       4.02116624E-04
  0.456943184     -0.889495909       1.62764583E-04
  0.506183803     -0.862425625       2.44794064E-05
  0.535826802     -0.844327927       8.64966205E-06
  0.564823449     -0.825211763       5.59907357E-06
  0.610283017     -0.792183459      -1.73270266E-07
  0.637423992     -0.770513237       2.90098683E-07
  0.663796067     -0.747913599       1.10523376E-06
  0.704757631     -0.709448099       7.70975134E-07
  0.728968620     -0.684547126      -1.07392134E-06
  0.752300262     -0.658820391      -8.10624897E-07
  0.788117886     -0.615524352       7.23381902E-07
  0.809017003     -0.587785244       1.22583617E-06
  0.828940272     -0.559337139      -7.11581890E-07
  0.859048963     -0.511893392      -4.67012313E-07
  0.876306653     -0.481753677       2.20745073E-06
  0.892507374     -0.451032847      -1.54757885E-07
  0.916432381     -0.400189579      -4.85328087E-07
  0.929776490     -0.368124545       4.51963132E-07
  0.941999078     -0.335615486       2.02801516E-07
  0.959363103     -0.282174528       3.24238812E-07
  0.968583167     -0.248689890      -1.59163801E-06
  0.976634920     -0.214905262      -2.51670595E-08
  0.987164080     -0.159709439       6.23329299E-07
  0.992114723     -0.125333235      -6.54297367E-07
  0.995868623      -9.08058509E-02  -1.89655637E-07
  0.999396861      -3.47256102E-02  -1.85450197E-08
   1.00000000      -2.44929371E-16   5.40554709E-07
