   1.00000000       0.00000000       5.45054672E-06
  0.999396861       3.47256102E-02   1.63180937E-06
  0.995868623       9.08058509E-02  -6.36904315E-06
  0.992114723      0.125333235       1.23749805E-06
  0.987164080      0.159709439       7.83330415E-06
  0.976634920      0.214905262      -2.53944700E-06
  0.968583167      0.248689890      -8.25566531E-07
  0.959363103      0.282174528       8.46031253E-06
  0.941999078      0.335615486       2.41096714E-05
  0.929776490      0.368124545       3.54600925E-05
  0.916432381      0.400189579       6.36951590E-05
  0.892507374      0.451032847       1.79841489E-04
  0.876306653      0.481753677       3.07563983E-04
  0.859048963      0.511893392       5.18534100E-04
  0.828940272      0.559337139       1.18931977E-03
  0.809017003      0.587785244       1.93543022E-03
  0.788117886      0.615524352       3.08349286E-03
  0.752300262      0.658820391       6.29262207E-03
  0.728968620      0.684547126       9.53675900E-03
  0.704757631      0.709448099       1.41755166E-02
  0.663796067      0.747913599       2.58101933E-02
  0.637423992      0.770513237       3.64188254E-02
  0.610283017      0.792183459       5.03598861E-02
  0.564823449      0.825211763       8.14704150E-02
  0.535826802      0.844327927      0.106769562    
  0.506183803      0.862425625      0.137022510    
  0.456943184      0.889495909      0.196135744    
  0.425779283      0.904827058      0.238031387    
  0.394101828      0.919066787      0.282658786    
  0.341856629      0.939752102      0.356217474    
  0.309017003      0.951056540      0.399058968    
  0.275804609      0.961213708      0.437006593    
  0.221378833      0.975187898      0.482085675    
  0.187381312      0.982287228      0.496731967    
  0.153157771      0.988201737      0.499770552    
   9.74097401E-02  0.995244384      0.479481220    
   6.27905205E-02  0.998026729      0.452525824    
   2.80955620E-02  0.999605238      0.416508228    
  -2.80955620E-02  0.999605238      0.344977379    
  -6.27905205E-02  0.998026729      0.296780169    
  -9.74097401E-02  0.995244384      0.248618513    
 -0.153157771      0.988201737      0.176240459    
 -0.187381312      0.982287228      0.137403324    
 -0.221378833      0.975187898      0.104119383    
 -0.275804609      0.961213708       6.25043735E-02
 -0.309017003      0.951056540       4.38443087E-02
 -0.341856629      0.939752102       2.98277289E-02
 -0.394101828      0.919066787       1.49647770E-02
 -0.425779283      0.904827058       9.36117303E-03
 -0.456943184      0.889495909       5.66570926E-03
 -0.506183803      0.862425625       2.33923784E-03
 -0.535826802      0.844327927       1.29351590E-03
 -0.564823449      0.825211763       6.87475025E-04
 -0.610283017      0.792183459       2.32464226E-04
 -0.637423992      0.770513237       1.10604873E-04
 -0.663796067      0.747913599       5.13524064E-05
 -0.704757631      0.709448099       1.57795148E-05
 -0.728968620      0.684547126       2.81972279E-06
 -0.752300262      0.658820391       3.52477286E-06
 -0.788117886      0.615524352      -5.71300802E-07
 -0.809017003      0.587785244       2.26528437E-06
 -0.828940272      0.559337139       7.05490947E-07
 -0.859048963      0.511893392      -2.22780795E-06
 -0.876306653      0.481753677       5.94835547E-06
 -0.892507374      0.451032847      -5.74080673E-07
 -0.916432381      0.400189579      -4.60040923E-07
 -0.929776490      0.368124545       4.97728685E-08
 -0.941999078      0.335615486       2.86771268E-07
 -0.959363103      0.282174528       7.10868164E-07
 -0.968583167      0.248689890      -5.01938075E-06
 -0.976634920      0.214905262       1.75980801E-06
 -0.987164080      0.159709439      -5.93102982E-07
 -0.992114723      0.125333235      -7.59887143E-07
 -0.995868623       9.08058509E-02   6.87227214E-07
 -0.999396861       3.47256102E-02  -1.05041931E-06
  -1.00000000       1.22464685E-16   3.72571321E-06
 -0.999396861      -3.47256102E-02  -1.05041931E-06
 -0.995868623      -9.08058509E-02   6.87227214E-07
 -0.992114723     -0.125333235      -7.59887143E-07
 -0.987164080     -0.159709439      -5.93102982E-07
 -0.976634920     -0.214905262       1.75980801E-06
 -0.968583167     -0.248689890      -5.01938075E-06
 -0.959363103     -0.282174528       7.10868164E-07
 -0.941999078     -0.335615486       2.86771268E-07
 -0.929776490     -0.368124545       4.97728685E-08
 -0.916432381     -0.400189579      -4.60040923E-07
 -0.892507374     -0.451032847      -5.74080673E-07
 -0.876306653     -0.481753677       5.94835547E-06
 -0.859048963     -0.511893392      -2.22780795E-06
 -0.828940272     -0.559337139       7.05490947E-07
 -0.809017003     -0.587785244       2.26528437E-06
 -0.788117886     -0.615524352      -5.71300802E-07
 -0.752300262     -0.658820391       3.52477286E-06
 -0.728968620     -0.684547126       2.81972279E-06
 -0.704757631     -0.709448099       1.57795148E-05
 -0.663796067     -0.747913599       5.13524064E-05
 -0.637423992     -0.770513237       1.10604873E-04
 -0.610283017     -0.792183459       2.32464226E-04
 -0.564823449     -0.825211763       6.87475025E-04
 -0.535826802     -0.844327927       1.29351590E-03
 -0.506183803     -0.862425625       2.33923784E-03
 -0.456943184     -0.889495909       5.66570926E-03
 -0.425779283     -0.904827058       9.36117303E-03
 -0.394101828     -0.919066787       1.49647770E-02
 -0.341856629     -0.939752102       2.98277289E-02
 -0.309017003     -0.951056540       4.38443087E-02
 -0.275804609     -0.961213708       6.25043735E-02
 -0.221378833     -0.975187898      0.104119383    
 -0.187381312     -0.982287228      0.137403324    
 -0.153157771     -0.988201737      0.176240459    
  -9.74097401E-02 -0.995244384      0.248618513    
  -6.27905205E-02 -0.998026729      0.296780169    
  -2.80955620E-02 -0.999605238      0.344977379    
   2.80955620E-02 -0.999605238      0.416508228    
   6.27905205E-02 -0.998026729      0.452525824    
   9.74097401E-02 -0.995244384      0.479481220    
  0.153157771     -0.988201737      0.499770552    
  0.187381312     -0.982287228      0.496731967    
  0.221378833     -0.975187898      0.482085675    
  0.275804609     -0.961213708      0.437006593    
  0.309017003     -0.951056540      0.399058968    
  0.341856629     -0.939752102      0.356217474    
  0.394101828     -0.919066787      0.282658786    
  0.425779283     -0.904827058      0.238031387    
  0.456943184     -0.889495909      0.196135744    
  0.506183803     -0.862425625      0.137022510    
  0.535826802     -0.844327927      0.106769562    
  0.564823449     -0.825211763       8.14704150E-02
  0.610283017     -0.792183459       5.03598861E-02
  0.637423992     -0.770513237       3.64188254E-02
  0.663796067     -0.747913599       2.58101933E-02
  0.704757631     -0.709448099       1.41755166E-02
  0.728968620     -0.684547126       9.53675900E-03
  0.752300262     -0.658820391       6.29262207E-03
  0.788117886     -0.615524352       3.08349286E-03
  0.809017003     -0.587785244       1.93543022E-03
  0.828940272     -0.559337139       1.18931977E-03
  0.859048963     -0.511893392       5.18534100E-04
  0.876306653     -0.481753677       3.07563983E-04
  0.892507374     -0.451032847       1.79841489E-04
  0.916432381     -0.400189579       6.36951590E-05
  0.929776490     -0.368124545       3.54600925E-05
  0.941999078     -0.335615486       2.41096714E-05
  0.959363103     -0.282174528       8.46031253E-06
  0.968583167     -0.248689890      -8.25566531E-07
  0.976634920     -0.214905262      -2.53944700E-06
  0.987164080     -0.159709439       7.83330415E-06
  0.992114723     -0.125333235       1.23749805E-06
  0.995868623      -9.08058509E-02  -6.36904315E-06
  0.999396861      -3.47256102E-02   1.63180937E-06
   1.00000000      -2.44929371E-16   5.45054672E-06
