   1.00000000       0.00000000      -4.98068472E-03
  0.999396861       3.47256102E-02  -4.75608790E-03
  0.995868623       9.08058509E-02  -2.60228617E-03
  0.992114723      0.125333235       1.23910152E-03
  0.987164080      0.159709439       8.48124083E-03
  0.976634920      0.214905262       3.08686476E-02
  0.968583167      0.248689890       5.31911105E-02
  0.959363103      0.282174528       8.28106180E-02
  0.941999078      0.335615486      0.145886377    
  0.929776490      0.368124545      0.192713454    
  0.916432381      0.400189579      0.243419051    
  0.892507374      0.451032847      0.327403426    
  0.876306653      0.481753677      0.376072377    
  0.859048963      0.511893392      0.418981194    
  0.828940272      0.559337139      0.470359325    
  0.809017003      0.587785244      0.488397211    
  0.788117886      0.615524352      0.495044500    
  0.752300262      0.658820391      0.482252598    
  0.728968620      0.684547126      0.461388379    
  0.704757631      0.709448099      0.432520747    
  0.663796067      0.747913599      0.373832136    
  0.637423992      0.770513237      0.333392203    
  0.610283017      0.792183459      0.292049915    
  0.564823449      0.825211763      0.227262035    
  0.535826802      0.844327927      0.190430656    
  0.506183803      0.862425625      0.157008857    
  0.456943184      0.889495909      0.111155033    
  0.425779283      0.904827058       8.80191624E-02
  0.394101828      0.919066787       6.86726719E-02
  0.341856629      0.939752102       4.45773341E-02
  0.309017003      0.951056540       3.34989578E-02
  0.275804609      0.961213708       2.48359367E-02
  0.221378833      0.975187898       1.48750190E-02
  0.187381312      0.982287228       1.06432075E-02
  0.153157771      0.988201737       7.51836551E-03
   9.74097401E-02  0.995244384       4.17612959E-03
   6.27905205E-02  0.998026729       2.85767857E-03
   2.80955620E-02  0.999605238       1.92535226E-03
  -2.80955620E-02  0.999605238       9.92506975E-04
  -6.27905205E-02  0.998026729       6.52186864E-04
  -9.74097401E-02  0.995244384       4.22489684E-04
 -0.153157771      0.988201737       2.01535120E-04
 -0.187381312      0.982287228       1.25165549E-04
 -0.221378833      0.975187898       7.89992337E-05
 -0.275804609      0.961213708       3.61747043E-05
 -0.309017003      0.951056540       2.11009574E-05
 -0.341856629      0.939752102       1.24514936E-05
 -0.394101828      0.919066787       4.47982256E-06
 -0.425779283      0.904827058       3.25273777E-06
 -0.456943184      0.889495909       3.77429274E-06
 -0.506183803      0.862425625      -1.60639740E-06
 -0.535826802      0.844327927       4.92822664E-07
 -0.564823449      0.825211763       1.76016090E-06
 -0.610283017      0.792183459      -5.59674220E-07
 -0.637423992      0.770513237       4.29933891E-07
 -0.663796067      0.747913599      -8.25934364E-07
 -0.704757631      0.709448099       1.97202303E-06
 -0.728968620      0.684547126      -1.35091386E-06
 -0.752300262      0.658820391      -2.34026288E-06
 -0.788117886      0.615524352       3.35832146E-06
 -0.809017003      0.587785244      -1.96924611E-06
 -0.828940272      0.559337139      -1.91075310E-06
 -0.859048963      0.511893392       9.38301753E-07
 -0.876306653      0.481753677       2.02497745E-07
 -0.892507374      0.451032847       1.29003286E-06
 -0.916432381      0.400189579      -3.71614988E-06
 -0.929776490      0.368124545       4.05365927E-06
 -0.941999078      0.335615486       2.50468611E-06
 -0.959363103      0.282174528      -3.08658355E-06
 -0.968583167      0.248689890       4.18783702E-06
 -0.976634920      0.214905262      -1.27031831E-06
 -0.987164080      0.159709439       2.55226610E-06
 -0.992114723      0.125333235      -2.29129705E-06
 -0.995868623       9.08058509E-02  -1.93056349E-06
 -0.999396861       3.47256102E-02   2.63021616E-06
  -1.00000000       1.22464685E-16  -6.96561710E-06
 -0.999396861      -3.47256102E-02   2.63021616E-06
 -0.995868623      -9.08058509E-02  -1.93056349E-06
 -0.992114723     -0.125333235      -2.29129705E-06
 -0.987164080     -0.159709439       2.55226610E-06
 -0.976634920     -0.214905262      -1.27031831E-06
 -0.968583167     -0.248689890       4.18783702E-06
 -0.959363103     -0.282174528      -3.08658355E-06
 -0.941999078     -0.335615486       2.50468611E-06
 -0.929776490     -0.368124545       4.05365927E-06
 -0.916432381     -0.400189579      -3.71614988E-06
 -0.892507374     -0.451032847       1.29003286E-06
 -0.876306653     -0.481753677       2.02497745E-07
 -0.859048963     -0.511893392       9.38301753E-07
 -0.828940272     -0.559337139      -1.91075310E-06
 -0.809017003     -0.587785244      -1.96924611E-06
 -0.788117886     -0.615524352       3.35832146E-06
 -0.752300262     -0.658820391      -2.34026288E-06
 -0.728968620     -0.684547126      -1.35091386E-06
 -0.704757631     -0.709448099       1.97202303E-06
 -0.663796067     -0.747913599      -8.25934364E-07
 -0.637423992     -0.770513237       4.29933891E-07
 -0.610283017     -0.792183459      -5.59674220E-07
 -0.564823449     -0.825211763       1.76016090E-06
 -0.535826802     -0.844327927       4.92822664E-07
 -0.506183803     -0.862425625      -1.60639740E-06
 -0.456943184     -0.889495909       3.77429274E-06
 -0.425779283     -0.904827058       3.25273777E-06
 -0.394101828     -0.919066787       4.47982256E-06
 -0.341856629     -0.939752102       1.24514936E-05
 -0.309017003     -0.951056540       2.11009574E-05
 -0.275804609     -0.961213708       3.61747043E-05
 -0.221378833     -0.975187898       7.89992337E-05
 -0.187381312     -0.982287228       1.25165549E-04
 -0.153157771     -0.988201737       2.01535120E-04
  -9.74097401E-02 -0.995244384       4.22489684E-04
  -6.27905205E-02 -0.998026729       6.52186864E-04
  -2.80955620E-02 -0.999605238       9.92506975E-04
   2.80955620E-02 -0.999605238       1.92535226E-03
   6.27905205E-02 -0.998026729       2.85767857E-03
   9.74097401E-02 -0.995244384       4.17612959E-03
  0.153157771     -0.988201737       7.51836551E-03
  0.187381312     -0.982287228       1.06432075E-02
  0.221378833     -0.975187898       1.48750190E-02
  0.275804609     -0.961213708       2.48359367E-02
  0.309017003     -0.951056540       3.34989578E-02
  0.341856629     -0.939752102       4.45773341E-02
  0.394101828     -0.919066787       6.86726719E-02
  0.425779283     -0.904827058       8.80191624E-02
  0.456943184     -0.889495909      0.111155033    
  0.506183803     -0.862425625      0.157008857    
  0.535826802     -0.844327927      0.190430656    
  0.564823449     -0.825211763      0.227262035    
  0.610283017     -0.792183459      0.292049915    
  0.637423992     -0.770513237      0.333392203    
  0.663796067     -0.747913599      0.373832136    
  0.704757631     -0.709448099      0.432520747    
  0.728968620     -0.684547126      0.461388379    
  0.752300262     -0.658820391      0.482252598    
  0.788117886     -0.615524352      0.495044500    
  0.809017003     -0.587785244      0.488397211    
  0.828940272     -0.559337139      0.470359325    
  0.859048963     -0.511893392      0.418981194    
  0.876306653     -0.481753677      0.376072377    
  0.892507374     -0.451032847      0.327403426    
  0.916432381     -0.400189579      0.243419051    
  0.929776490     -0.368124545      0.192713454    
  0.941999078     -0.335615486      0.145886377    
  0.959363103     -0.282174528       8.28106180E-02
  0.968583167     -0.248689890       5.31911105E-02
  0.976634920     -0.214905262       3.08686476E-02
  0.987164080     -0.159709439       8.48124083E-03
  0.992114723     -0.125333235       1.23910152E-03
  0.995868623      -9.08058509E-02  -2.60228617E-03
  0.999396861      -3.47256102E-02  -4.75608790E-03
   1.00000000      -2.44929371E-16  -4.98068472E-03
