   1.00000000       0.00000000       5.20680214E-06
  0.999396861       3.47256102E-02  -9.40922462E-07
  0.995868623       9.08058509E-02  -2.11150947E-07
  0.992114723      0.125333235      -3.34445289E-08
  0.987164080      0.159709439      -4.62899322E-07
  0.976634920      0.214905262       2.40987742E-06
  0.968583167      0.248689890      -3.25530254E-06
  0.959363103      0.282174528      -9.00828809E-07
  0.941999078      0.335615486       1.54583859E-06
  0.929776490      0.368124545       3.32552145E-06
  0.916432381      0.400189579       3.93397067E-06
  0.892507374      0.451032847       3.12331781E-06
  0.876306653      0.481753677       1.25146689E-05
  0.859048963      0.511893392       2.43266368E-05
  0.828940272      0.559337139       4.51062151E-05
  0.809017003      0.587785244       7.10532986E-05
  0.788117886      0.615524352       1.24033148E-04
  0.752300262      0.658820391       2.71710189E-04
  0.728968620      0.684547126       4.18698561E-04
  0.704757631      0.709448099       6.49063149E-04
  0.663796067      0.747913599       1.30850251E-03
  0.637423992      0.770513237       1.97558454E-03
  0.610283017      0.792183459       2.92909122E-03
  0.564823449      0.825211763       5.42507926E-03
  0.535826802      0.844327927       7.81714357E-03
  0.506183803      0.862425625       1.10959811E-02
  0.456943184      0.889495909       1.90136414E-02
  0.425779283      0.904827058       2.60544419E-02
  0.394101828      0.919066787       3.52112316E-02
  0.341856629      0.939752102       5.55940606E-02
  0.309017003      0.951056540       7.23219737E-02
  0.275804609      0.961213708       9.26976874E-02
  0.221378833      0.975187898      0.134043485    
  0.187381312      0.982287228      0.164924011    
  0.153157771      0.988201737      0.199651107    
   9.74097401E-02  0.995244384      0.262484521    
   6.27905205E-02  0.998026729      0.303892583    
   2.80955620E-02  0.999605238      0.345585376    
  -2.80955620E-02  0.999605238      0.409105718    
  -6.27905205E-02  0.998026729      0.442719907    
  -9.74097401E-02  0.995244384      0.469529986    
 -0.153157771      0.988201737      0.493859738    
 -0.187381312      0.982287228      0.494919270    
 -0.221378833      0.975187898      0.484498352    
 -0.275804609      0.961213708      0.444055617    
 -0.309017003      0.951056540      0.406344235    
 -0.341856629      0.939752102      0.361309677    
 -0.394101828      0.919066787      0.279503316    
 -0.425779283      0.904827058      0.227887884    
 -0.456943184      0.889495909      0.178645357    
 -0.506183803      0.862425625      0.109321728    
 -0.535826802      0.844327927       7.50414059E-02
 -0.564823449      0.825211763       4.79385741E-02
 -0.610283017      0.792183459       1.85693074E-02
 -0.637423992      0.770513237       7.99590163E-03
 -0.663796067      0.747913599       1.81399542E-03
 -0.704757631      0.709448099      -1.98305375E-03
 -0.728968620      0.684547126      -2.17916165E-03
 -0.752300262      0.658820391      -1.68111536E-03
 -0.788117886      0.615524352      -6.32779498E-04
 -0.809017003      0.587785244      -1.71799795E-04
 -0.828940272      0.559337139       8.62812522E-05
 -0.859048963      0.511893392       1.74217435E-04
 -0.876306653      0.481753677       1.21797166E-04
 -0.892507374      0.451032847       5.68756186E-05
 -0.916432381      0.400189579      -1.28473584E-06
 -0.929776490      0.368124545      -1.59045485E-05
 -0.941999078      0.335615486      -1.96522778E-05
 -0.959363103      0.282174528      -9.24675169E-06
 -0.968583167      0.248689890       3.92803668E-06
 -0.976634920      0.214905262       6.10503957E-06
 -0.987164080      0.159709439      -3.74399588E-06
 -0.992114723      0.125333235       2.36281338E-07
 -0.995868623       9.08058509E-02   5.13444593E-06
 -0.999396861       3.47256102E-02  -1.33785909E-06
  -1.00000000       1.22464685E-16  -6.35892638E-06
 -0.999396861      -3.47256102E-02  -1.33785909E-06
 -0.995868623      -9.08058509E-02   5.13444593E-06
 -0.992114723     -0.125333235       2.36281352E-07
 -0.987164080     -0.159709439      -3.74399588E-06
 -0.976634920     -0.214905262       6.10503957E-06
 -0.968583167     -0.248689890       3.92803668E-06
 -0.959363103     -0.282174528      -9.24675169E-06
 -0.941999078     -0.335615486      -1.96522778E-05
 -0.929776490     -0.368124545      -1.59045485E-05
 -0.916432381     -0.400189579      -1.28473584E-06
 -0.892507374     -0.451032847       5.68756186E-05
 -0.876306653     -0.481753677       1.21797166E-04
 -0.859048963     -0.511893392       1.74217435E-04
 -0.828940272     -0.559337139       8.62812522E-05
 -0.809017003     -0.587785244      -1.71799795E-04
 -0.788117886     -0.615524352      -6.32779498E-04
 -0.752300262     -0.658820391      -1.68111536E-03
 -0.728968620     -0.684547126      -2.17916165E-03
 -0.704757631     -0.709448099      -1.98305375E-03
 -0.663796067     -0.747913599       1.81399542E-03
 -0.637423992     -0.770513237       7.99590163E-03
 -0.610283017     -0.792183459       1.85693074E-02
 -0.564823449     -0.825211763       4.79385741E-02
 -0.535826802     -0.844327927       7.50414059E-02
 -0.506183803     -0.862425625      0.109321728    
 -0.456943184     -0.889495909      0.178645357    
 -0.425779283     -0.904827058      0.227887884    
 -0.394101828     -0.919066787      0.279503316    
 -0.341856629     -0.939752102      0.361309677    
 -0.309017003     -0.951056540      0.406344235    
 -0.275804609     -0.961213708      0.444055617    
 -0.221378833     -0.975187898      0.484498352    
 -0.187381312     -0.982287228      0.494919270    
 -0.153157771     -0.988201737      0.493859738    
  -9.74097401E-02 -0.995244384      0.469529986    
  -6.27905205E-02 -0.998026729      0.442719907    
  -2.80955620E-02 -0.999605238      0.409105718    
   2.80955620E-02 -0.999605238      0.345585376    
   6.27905205E-02 -0.998026729      0.303892583    
   9.74097401E-02 -0.995244384      0.262484521    
  0.153157771     -0.988201737      0.199651107    
  0.187381312     -0.982287228      0.164924011    
  0.221378833     -0.975187898      0.134043485    
  0.275804609     -0.961213708       9.26976874E-02
  0.309017003     -0.951056540       7.23219737E-02
  0.341856629     -0.939752102       5.55940606E-02
  0.394101828     -0.919066787       3.52112316E-02
  0.425779283     -0.904827058       2.60544419E-02
  0.456943184     -0.889495909       1.90136414E-02
  0.506183803     -0.862425625       1.10959811E-02
  0.535826802     -0.844327927       7.81714357E-03
  0.564823449     -0.825211763       5.42507926E-03
  0.610283017     -0.792183459       2.92909122E-03
  0.637423992     -0.770513237       1.97558454E-03
  0.663796067     -0.747913599       1.30850251E-03
  0.704757631     -0.709448099       6.49063149E-04
  0.728968620     -0.684547126       4.18698561E-04
  0.752300262     -0.658820391       2.71710189E-04
  0.788117886     -0.615524352       1.24033148E-04
  0.809017003     -0.587785244       7.10532986E-05
  0.828940272     -0.559337139       4.51062151E-05
  0.859048963     -0.511893392       2.43266368E-05
  0.876306653     -0.481753677       1.25146689E-05
  0.892507374     -0.451032847       3.12331781E-06
  0.916432381     -0.400189579       3.93397067E-06
  0.929776490     -0.368124545       3.32552145E-06
  0.941999078     -0.335615486       1.54583859E-06
  0.959363103     -0.282174528      -9.00828809E-07
  0.968583167     -0.248689890      -3.25530254E-06
  0.976634920     -0.214905262       2.40987742E-06
  0.987164080     -0.159709439      -4.62899322E-07
  0.992114723     -0.125333235      -3.34445289E-08
  0.995868623      -9.08058509E-02  -2.11150947E-07
  0.999396861      -3.47256102E-02  -9.40922462E-07
   1.00000000      -2.44929371E-16   5.20680214E-06
