   1.00000000       0.00000000       5.51239238E-04
  0.999396861       3.47256102E-02   6.81324222E-04
  0.995868623       9.08058509E-02   1.19456160E-03
  0.992114723      0.125333235       1.28711062E-03
  0.987164080      0.159709439       8.22786533E-04
  0.976634920      0.214905262      -1.72392593E-03
  0.968583167      0.248689890      -4.43517324E-03
  0.959363103      0.282174528      -7.60384789E-03
  0.941999078      0.335615486      -1.16566317E-02
  0.929776490      0.368124545      -1.15537494E-02
  0.916432381      0.400189579      -7.68282544E-03
  0.892507374      0.451032847       1.04068760E-02
  0.876306653      0.481753677       3.08900215E-02
  0.859048963      0.511893392       5.93103245E-02
  0.828940272      0.559337139      0.121717520    
  0.809017003      0.587785244      0.168792725    
  0.788117886      0.615524352      0.220169872    
  0.752300262      0.658820391      0.306087077    
  0.728968620      0.684547126      0.356491446    
  0.704757631      0.709448099      0.401589751    
  0.663796067      0.747913599      0.457557112    
  0.637423992      0.770513237      0.479110688    
  0.610283017      0.792183459      0.489738405    
  0.564823449      0.825211763      0.484023541    
  0.535826802      0.844327927      0.467659384    
  0.506183803      0.862425625      0.443131596    
  0.456943184      0.889495909      0.390585005    
  0.425779283      0.904827058      0.353106678    
  0.394101828      0.919066787      0.313940078    
  0.341856629      0.939752102      0.250933409    
  0.309017003      0.951056540      0.214143097    
  0.275804609      0.961213708      0.180065170    
  0.221378833      0.975187898      0.131991267    
  0.187381312      0.982287228      0.106980093    
  0.153157771      0.988201737       8.55608210E-02
   9.74097401E-02  0.995244384       5.79836890E-02
   6.27905205E-02  0.998026729       4.48390320E-02
   2.80955620E-02  0.999605238       3.42513174E-02
  -2.80955620E-02  0.999605238       2.15907954E-02
  -6.27905205E-02  0.998026729       1.59896575E-02
  -9.74097401E-02  0.995244384       1.17009766E-02
 -0.153157771      0.988201737       6.89216936E-03
 -0.187381312      0.982287228       4.90247319E-03
 -0.221378833      0.975187898       3.44484881E-03
 -0.275804609      0.961213708       1.90571463E-03
 -0.309017003      0.951056540       1.30150409E-03
 -0.341856629      0.939752102       8.79698957E-04
 -0.394101828      0.919066787       4.59216593E-04
 -0.425779283      0.904827058       3.00654909E-04
 -0.456943184      0.889495909       1.99850052E-04
 -0.506183803      0.862425625       9.23076586E-05
 -0.535826802      0.844327927       6.00302192E-05
 -0.564823449      0.825211763       4.37274939E-05
 -0.610283017      0.792183459       1.62996039E-05
 -0.637423992      0.770513237       9.53439121E-06
 -0.663796067      0.747913599       3.68371002E-06
 -0.704757631      0.709448099       9.65681102E-06
 -0.728968620      0.684547126       2.38679672E-06
 -0.752300262      0.658820391      -6.70701866E-06
 -0.788117886      0.615524352       5.00900433E-06
 -0.809017003      0.587785244       2.73559090E-06
 -0.828940272      0.559337139      -4.40657345E-07
 -0.859048963      0.511893392      -3.82459484E-06
 -0.876306653      0.481753677       1.30047272E-06
 -0.892507374      0.451032847       5.31666274E-06
 -0.916432381      0.400189579      -4.41909060E-06
 -0.929776490      0.368124545      -1.59265210E-06
 -0.941999078      0.335615486       2.42894794E-06
 -0.959363103      0.282174528       4.79735093E-07
 -0.968583167      0.248689890      -2.05421702E-06
 -0.976634920      0.214905262      -1.01015928E-06
 -0.987164080      0.159709439       1.49544280E-06
 -0.992114723      0.125333235       4.26026702E-07
 -0.995868623       9.08058509E-02  -1.16113927E-06
 -0.999396861       3.47256102E-02  -5.51284423E-08
  -1.00000000       1.22464685E-16   2.24632458E-06
 -0.999396861      -3.47256102E-02  -5.51284423E-08
 -0.995868623      -9.08058509E-02  -1.16113927E-06
 -0.992114723     -0.125333235       4.26026702E-07
 -0.987164080     -0.159709439       1.49544280E-06
 -0.976634920     -0.214905262      -1.01015928E-06
 -0.968583167     -0.248689890      -2.05421702E-06
 -0.959363103     -0.282174528       4.79735093E-07
 -0.941999078     -0.335615486       2.42894794E-06
 -0.929776490     -0.368124545      -1.59265210E-06
 -0.916432381     -0.400189579      -4.41909060E-06
 -0.892507374     -0.451032847       5.31666274E-06
 -0.876306653     -0.481753677       1.30047272E-06
 -0.859048963     -0.511893392      -3.82459484E-06
 -0.828940272     -0.559337139      -4.40657345E-07
 -0.809017003     -0.587785244       2.73559090E-06
 -0.788117886     -0.615524352       5.00900433E-06
 -0.752300262     -0.658820391      -6.70701866E-06
 -0.728968620     -0.684547126       2.38679672E-06
 -0.704757631     -0.709448099       9.65681102E-06
 -0.663796067     -0.747913599       3.68371002E-06
 -0.637423992     -0.770513237       9.53439121E-06
 -0.610283017     -0.792183459       1.62996039E-05
 -0.564823449     -0.825211763       4.37274939E-05
 -0.535826802     -0.844327927       6.00302192E-05
 -0.506183803     -0.862425625       9.23076586E-05
 -0.456943184     -0.889495909       1.99850052E-04
 -0.425779283     -0.904827058       3.00654909E-04
 -0.394101828     -0.919066787       4.59216593E-04
 -0.341856629     -0.939752102       8.79698957E-04
 -0.309017003     -0.951056540       1.30150409E-03
 -0.275804609     -0.961213708       1.90571463E-03
 -0.221378833     -0.975187898       3.44484881E-03
 -0.187381312     -0.982287228       4.90247319E-03
 -0.153157771     -0.988201737       6.89216936E-03
  -9.74097401E-02 -0.995244384       1.17009766E-02
  -6.27905205E-02 -0.998026729       1.59896575E-02
  -2.80955620E-02 -0.999605238       2.15907954E-02
   2.80955620E-02 -0.999605238       3.42513174E-02
   6.27905205E-02 -0.998026729       4.48390320E-02
   9.74097401E-02 -0.995244384       5.79836890E-02
  0.153157771     -0.988201737       8.55608210E-02
  0.187381312     -0.982287228      0.106980093    
  0.221378833     -0.975187898      0.131991267    
  0.275804609     -0.961213708      0.180065170    
  0.309017003     -0.951056540      0.214143097    
  0.341856629     -0.939752102      0.250933409    
  0.394101828     -0.919066787      0.313940078    
  0.425779283     -0.904827058      0.353106678    
  0.456943184     -0.889495909      0.390585005    
  0.506183803     -0.862425625      0.443131596    
  0.535826802     -0.844327927      0.467659384    
  0.564823449     -0.825211763      0.484023541    
  0.610283017     -0.792183459      0.489738405    
  0.637423992     -0.770513237      0.479110688    
  0.663796067     -0.747913599      0.457557112    
  0.704757631     -0.709448099      0.401589751    
  0.728968620     -0.684547126      0.356491446    
  0.752300262     -0.658820391      0.306087077    
  0.788117886     -0.615524352      0.220169872    
  0.809017003     -0.587785244      0.168792725    
  0.828940272     -0.559337139      0.121717520    
  0.859048963     -0.511893392       5.93103245E-02
  0.876306653     -0.481753677       3.08900215E-02
  0.892507374     -0.451032847       1.04068760E-02
  0.916432381     -0.400189579      -7.68282544E-03
  0.929776490     -0.368124545      -1.15537494E-02
  0.941999078     -0.335615486      -1.16566317E-02
  0.959363103     -0.282174528      -7.60384789E-03
  0.968583167     -0.248689890      -4.43517324E-03
  0.976634920     -0.214905262      -1.72392593E-03
  0.987164080     -0.159709439       8.22786533E-04
  0.992114723     -0.125333235       1.28711062E-03
  0.995868623      -9.08058509E-02   1.19456160E-03
  0.999396861      -3.47256102E-02   6.81324222E-04
   1.00000000      -2.44929371E-16   5.51239238E-04
