   1.00000000       0.00000000      0.152518377    
  0.999396861       3.47256102E-02  0.159030586    
  0.995868623       9.08058509E-02  0.195502192    
  0.992114723      0.125333235      0.231291696    
  0.987164080      0.159709439      0.274031430    
  0.976634920      0.214905262      0.349507987    
  0.968583167      0.248689890      0.394481510    
  0.959363103      0.282174528      0.434202820    
  0.941999078      0.335615486      0.480494738    
  0.929776490      0.368124545      0.495076090    
  0.916432381      0.400189579      0.497919023    
  0.892507374      0.451032847      0.478361249    
  0.876306653      0.481753677      0.453185290    
  0.859048963      0.511893392      0.420135200    
  0.828940272      0.559337139      0.355553240    
  0.809017003      0.587785244      0.312320322    
  0.788117886      0.615524352      0.268997401    
  0.752300262      0.658820391      0.202853903    
  0.728968620      0.684547126      0.166270286    
  0.704757631      0.709448099      0.133838549    
  0.663796067      0.747913599       9.07400101E-02
  0.637423992      0.770513237       6.97503239E-02
  0.610283017      0.792183459       5.27130179E-02
  0.564823449      0.825211763       3.23561132E-02
  0.535826802      0.844327927       2.34229676E-02
  0.506183803      0.862425625       1.66803598E-02
  0.456943184      0.889495909       9.31843091E-03
  0.425779283      0.904827058       6.37408579E-03
  0.394101828      0.919066787       4.29202104E-03
  0.341856629      0.939752102       2.18938151E-03
  0.309017003      0.951056540       1.41926552E-03
  0.275804609      0.961213708       9.08017100E-04
  0.221378833      0.975187898       4.20408614E-04
  0.187381312      0.982287228       2.61052948E-04
  0.153157771      0.988201737       1.61137665E-04
   9.74097401E-02  0.995244384       6.64756517E-05
   6.27905205E-02  0.998026729       3.73233415E-05
   2.80955620E-02  0.999605238       2.14469073E-05
  -2.80955620E-02  0.999605238       1.46453231E-05
  -6.27905205E-02  0.998026729       1.85683655E-06
  -9.74097401E-02  0.995244384      -2.92794653E-06
 -0.153157771      0.988201737       5.38365884E-06
 -0.187381312      0.982287228       2.67220844E-06
 -0.221378833      0.975187898      -5.56992234E-07
 -0.275804609      0.961213708      -4.49954769E-06
 -0.309017003      0.951056540       4.26003407E-06
 -0.341856629      0.939752102       5.60012631E-06
 -0.394101828      0.919066787      -5.39911116E-06
 -0.425779283      0.904827058      -2.15927503E-06
 -0.456943184      0.889495909       2.52422251E-06
 -0.506183803      0.862425625       2.65171411E-06
 -0.535826802      0.844327927      -3.94451763E-06
 -0.564823449      0.825211763      -3.93875143E-06
 -0.610283017      0.792183459       4.35260745E-06
 -0.637423992      0.770513237       2.89029936E-06
 -0.663796067      0.747913599      -3.33572575E-06
 -0.704757631      0.709448099      -9.17155432E-07
 -0.728968620      0.684547126       3.64450443E-06
 -0.752300262      0.658820391       1.94749759E-06
 -0.788117886      0.615524352      -2.39375686E-06
 -0.809017003      0.587785244      -3.47802120E-06
 -0.828940272      0.559337139       2.28271551E-06
 -0.859048963      0.511893392       1.26155328E-06
 -0.876306653      0.481753677      -2.73584965E-06
 -0.892507374      0.451032847      -2.12933287E-06
 -0.916432381      0.400189579       2.44459693E-06
 -0.929776490      0.368124545       2.60156389E-06
 -0.941999078      0.335615486      -2.03438685E-06
 -0.959363103      0.282174528      -1.37678137E-06
 -0.968583167      0.248689890       1.83033342E-06
 -0.976634920      0.214905262       3.60265722E-06
 -0.987164080      0.159709439      -4.89113427E-06
 -0.992114723      0.125333235      -1.00389695E-06
 -0.995868623       9.08058509E-02   4.38061352E-06
 -0.999396861       3.47256102E-02  -1.52703092E-06
  -1.00000000       1.22464685E-16  -1.36253607E-06
 -0.999396861      -3.47256102E-02  -1.52703092E-06
 -0.995868623      -9.08058509E-02   4.38061352E-06
 -0.992114723     -0.125333235      -1.00389695E-06
 -0.987164080     -0.159709439      -4.89113427E-06
 -0.976634920     -0.214905262       3.60265722E-06
 -0.968583167     -0.248689890       1.83033342E-06
 -0.959363103     -0.282174528      -1.37678137E-06
 -0.941999078     -0.335615486      -2.03438685E-06
 -0.929776490     -0.368124545       2.60156389E-06
 -0.916432381     -0.400189579       2.44459693E-06
 -0.892507374     -0.451032847      -2.12933287E-06
 -0.876306653     -0.481753677      -2.73584965E-06
 -0.859048963     -0.511893392       1.26155328E-06
 -0.828940272     -0.559337139       2.28271551E-06
 -0.809017003     -0.587785244      -3.47802120E-06
 -0.788117886     -0.615524352      -2.39375686E-06
 -0.752300262     -0.658820391       1.94749759E-06
 -0.728968620     -0.684547126       3.64450443E-06
 -0.704757631     -0.709448099      -9.17155432E-07
 -0.663796067     -0.747913599      -3.33572575E-06
 -0.637423992     -0.770513237       2.89029936E-06
 -0.610283017     -0.792183459       4.35260745E-06
 -0.564823449     -0.825211763      -3.93875143E-06
 -0.535826802     -0.844327927      -3.94451763E-06
 -0.506183803     -0.862425625       2.65171411E-06
 -0.456943184     -0.889495909       2.52422251E-06
 -0.425779283     -0.904827058      -2.15927503E-06
 -0.394101828     -0.919066787      -5.39911116E-06
 -0.341856629     -0.939752102       5.60012631E-06
 -0.309017003     -0.951056540       4.26003407E-06
 -0.275804609     -0.961213708      -4.49954769E-06
 -0.221378833     -0.975187898      -5.56992234E-07
 -0.187381312     -0.982287228       2.67220844E-06
 -0.153157771     -0.988201737       5.38365884E-06
  -9.74097401E-02 -0.995244384      -2.92794653E-06
  -6.27905205E-02 -0.998026729       1.85683655E-06
  -2.80955620E-02 -0.999605238       1.46453231E-05
   2.80955620E-02 -0.999605238       2.14469073E-05
   6.27905205E-02 -0.998026729       3.73233415E-05
   9.74097401E-02 -0.995244384       6.64756517E-05
  0.153157771     -0.988201737       1.61137665E-04
  0.187381312     -0.982287228       2.61052948E-04
  0.221378833     -0.975187898       4.20408614E-04
  0.275804609     -0.961213708       9.08017100E-04
  0.309017003     -0.951056540       1.41926552E-03
  0.341856629     -0.939752102       2.18938151E-03
  0.394101828     -0.919066787       4.29202104E-03
  0.425779283     -0.904827058       6.37408579E-03
  0.456943184     -0.889495909       9.31843091E-03
  0.506183803     -0.862425625       1.66803598E-02
  0.535826802     -0.844327927       2.34229676E-02
  0.564823449     -0.825211763       3.23561132E-02
  0.610283017     -0.792183459       5.27130179E-02
  0.637423992     -0.770513237       6.97503239E-02
  0.663796067     -0.747913599       9.07400101E-02
  0.704757631     -0.709448099      0.133838549    
  0.728968620     -0.684547126      0.166270286    
  0.752300262     -0.658820391      0.202853903    
  0.788117886     -0.615524352      0.268997401    
  0.809017003     -0.587785244      0.312320322    
  0.828940272     -0.559337139      0.355553240    
  0.859048963     -0.511893392      0.420135200    
  0.876306653     -0.481753677      0.453185290    
  0.892507374     -0.451032847      0.478361249    
  0.916432381     -0.400189579      0.497919023    
  0.929776490     -0.368124545      0.495076090    
  0.941999078     -0.335615486      0.480494738    
  0.959363103     -0.282174528      0.434202820    
  0.968583167     -0.248689890      0.394481510    
  0.976634920     -0.214905262      0.349507987    
  0.987164080     -0.159709439      0.274031430    
  0.992114723     -0.125333235      0.231291696    
  0.995868623      -9.08058509E-02  0.195502192    
  0.999396861      -3.47256102E-02  0.159030586    
   1.00000000      -2.44929371E-16  0.152518377    
