   1.00000000       0.00000000       6.96243485E-04
  0.999396861       3.47256102E-02   2.97158631E-03
  0.995868623       9.08058509E-02   1.68732833E-02
  0.992114723      0.125333235       3.27093080E-02
  0.987164080      0.159709439       5.48901260E-02
  0.976634920      0.214905262      0.105285957    
  0.968583167      0.248689890      0.145239338    
  0.959363103      0.282174528      0.190891653    
  0.941999078      0.335615486      0.272446930    
  0.929776490      0.368124545      0.323826820    
  0.916432381      0.400189579      0.372658789    
  0.892507374      0.451032847      0.439336210    
  0.876306653      0.481753677      0.469194561    
  0.859048963      0.511893392      0.488392055    
  0.828940272      0.559337139      0.495143741    
  0.809017003      0.587785244      0.484651059    
  0.788117886      0.615524352      0.464182526    
  0.752300262      0.658820391      0.414234728    
  0.728968620      0.684547126      0.376178235    
  0.704757631      0.709448099      0.335153818    
  0.663796067      0.747913599      0.267371029    
  0.637423992      0.770513237      0.227169678    
  0.610283017      0.792183459      0.189719468    
  0.564823449      0.825211763      0.136809826    
  0.535826802      0.844327927      0.109424070    
  0.506183803      0.862425625       8.61414969E-02
  0.456943184      0.889495909       5.66266328E-02
  0.425779283      0.904827058       4.28377502E-02
  0.394101828      0.919066787       3.19227353E-02
  0.341856629      0.939752102       1.92525852E-02
  0.309017003      0.951056540       1.38251297E-02
  0.275804609      0.961213708       9.79139842E-03
  0.221378833      0.975187898       5.43956459E-03
  0.187381312      0.982287228       3.71730002E-03
  0.153157771      0.988201737       2.51389481E-03
   9.74097401E-02  0.995244384       1.28940877E-03
   6.27905205E-02  0.998026729       8.40597728E-04
   2.80955620E-02  0.999605238       5.43469680E-04
  -2.80955620E-02  0.999605238       2.59560795E-04
  -6.27905205E-02  0.998026729       1.60893076E-04
  -9.74097401E-02  0.995244384       9.81583653E-05
 -0.153157771      0.988201737       4.63924807E-05
 -0.187381312      0.982287228       2.62926351E-05
 -0.221378833      0.975187898       1.31374054E-05
 -0.275804609      0.961213708       7.61927186E-06
 -0.309017003      0.951056540       5.91847220E-06
 -0.341856629      0.939752102       2.07046378E-06
 -0.394101828      0.919066787      -1.90422122E-06
 -0.425779283      0.904827058       2.01051012E-06
 -0.456943184      0.889495909       3.20661775E-06
 -0.506183803      0.862425625      -1.65163544E-06
 -0.535826802      0.844327927      -2.22328890E-06
 -0.564823449      0.825211763      -5.24120992E-07
 -0.610283017      0.792183459       4.23387519E-06
 -0.637423992      0.770513237      -1.83788484E-06
 -0.663796067      0.747913599      -4.51339065E-06
 -0.704757631      0.709448099       2.32671823E-06
 -0.728968620      0.684547126       3.73790181E-06
 -0.752300262      0.658820391       5.98415340E-07
 -0.788117886      0.615524352      -5.50658888E-06
 -0.809017003      0.587785244       2.22798303E-06
 -0.828940272      0.559337139       6.11653877E-06
 -0.859048963      0.511893392      -3.80967776E-06
 -0.876306653      0.481753677      -5.01364275E-06
 -0.892507374      0.451032847       1.32171147E-06
 -0.916432381      0.400189579       4.25957296E-06
 -0.929776490      0.368124545      -2.88915817E-06
 -0.941999078      0.335615486      -5.19393461E-06
 -0.959363103      0.282174528       3.88655008E-06
 -0.968583167      0.248689890       3.97599524E-06
 -0.976634920      0.214905262      -2.18965829E-06
 -0.987164080      0.159709439      -1.72206444E-06
 -0.992114723      0.125333235       1.48447373E-06
 -0.995868623       9.08058509E-02   2.17156821E-06
 -0.999396861       3.47256102E-02  -6.16820103E-07
  -1.00000000       1.22464685E-16  -2.82231440E-06
 -0.999396861      -3.47256102E-02  -6.16820103E-07
 -0.995868623      -9.08058509E-02   2.17156821E-06
 -0.992114723     -0.125333235       1.48447373E-06
 -0.987164080     -0.159709439      -1.72206444E-06
 -0.976634920     -0.214905262      -2.18965829E-06
 -0.968583167     -0.248689890       3.97599524E-06
 -0.959363103     -0.282174528       3.88655008E-06
 -0.941999078     -0.335615486      -5.19393461E-06
 -0.929776490     -0.368124545      -2.88915817E-06
 -0.916432381     -0.400189579       4.25957296E-06
 -0.892507374     -0.451032847       1.32171147E-06
 -0.876306653     -0.481753677      -5.01364275E-06
 -0.859048963     -0.511893392      -3.80967776E-06
 -0.828940272     -0.559337139       6.11653877E-06
 -0.809017003     -0.587785244       2.22798303E-06
 -0.788117886     -0.615524352      -5.50658888E-06
 -0.752300262     -0.658820391       5.98415340E-07
 -0.728968620     -0.684547126       3.73790181E-06
 -0.704757631     -0.709448099       2.32671823E-06
 -0.663796067     -0.747913599      -4.51339065E-06
 -0.637423992     -0.770513237      -1.83788484E-06
 -0.610283017     -0.792183459       4.23387519E-06
 -0.564823449     -0.825211763      -5.24120992E-07
 -0.535826802     -0.844327927      -2.22328890E-06
 -0.506183803     -0.862425625      -1.65163544E-06
 -0.456943184     -0.889495909       3.20661775E-06
 -0.425779283     -0.904827058       2.01051012E-06
 -0.394101828     -0.919066787      -1.90422122E-06
 -0.341856629     -0.939752102       2.07046378E-06
 -0.309017003     -0.951056540       5.91847220E-06
 -0.275804609     -0.961213708       7.61927186E-06
 -0.221378833     -0.975187898       1.31374054E-05
 -0.187381312     -0.982287228       2.62926351E-05
 -0.153157771     -0.988201737       4.63924807E-05
  -9.74097401E-02 -0.995244384       9.81583653E-05
  -6.27905205E-02 -0.998026729       1.60893076E-04
  -2.80955620E-02 -0.999605238       2.59560795E-04
   2.80955620E-02 -0.999605238       5.43469680E-04
   6.27905205E-02 -0.998026729       8.40597728E-04
   9.74097401E-02 -0.995244384       1.28940877E-03
  0.153157771     -0.988201737       2.51389481E-03
  0.187381312     -0.982287228       3.71730002E-03
  0.221378833     -0.975187898       5.43956459E-03
  0.275804609     -0.961213708       9.79139842E-03
  0.309017003     -0.951056540       1.38251297E-02
  0.341856629     -0.939752102       1.92525852E-02
  0.394101828     -0.919066787       3.19227353E-02
  0.425779283     -0.904827058       4.28377502E-02
  0.456943184     -0.889495909       5.66266328E-02
  0.506183803     -0.862425625       8.61414969E-02
  0.535826802     -0.844327927      0.109424070    
  0.564823449     -0.825211763      0.136809826    
  0.610283017     -0.792183459      0.189719468    
  0.637423992     -0.770513237      0.227169678    
  0.663796067     -0.747913599      0.267371029    
  0.704757631     -0.709448099      0.335153818    
  0.728968620     -0.684547126      0.376178235    
  0.752300262     -0.658820391      0.414234728    
  0.788117886     -0.615524352      0.464182526    
  0.809017003     -0.587785244      0.484651059    
  0.828940272     -0.559337139      0.495143741    
  0.859048963     -0.511893392      0.488392055    
  0.876306653     -0.481753677      0.469194561    
  0.892507374     -0.451032847      0.439336210    
  0.916432381     -0.400189579      0.372658789    
  0.929776490     -0.368124545      0.323826820    
  0.941999078     -0.335615486      0.272446930    
  0.959363103     -0.282174528      0.190891653    
  0.968583167     -0.248689890      0.145239338    
  0.976634920     -0.214905262      0.105285957    
  0.987164080     -0.159709439       5.48901260E-02
  0.992114723     -0.125333235       3.27093080E-02
  0.995868623      -9.08058509E-02   1.68732833E-02
  0.999396861      -3.47256102E-02   2.97158631E-03
   1.00000000      -2.44929371E-16   6.96243485E-04
