   1.00000000       0.00000000       4.56724993E-05
  0.999396861       3.47256102E-02   5.16506880E-05
  0.995868623       9.08058509E-02   8.62316956E-05
  0.992114723      0.125333235       1.23409220E-04
  0.987164080      0.159709439       1.84562668E-04
  0.976634920      0.214905262       3.59970814E-04
  0.968583167      0.248689890       5.38384833E-04
  0.959363103      0.282174528       7.97769288E-04
  0.941999078      0.335615486       1.46946800E-03
  0.929776490      0.368124545       2.12657358E-03
  0.916432381      0.400189579       3.04244831E-03
  0.892507374      0.451032847       5.30712353E-03
  0.876306653      0.481753677       7.38868536E-03
  0.859048963      0.511893392       1.01783872E-02
  0.828940272      0.559337139       1.67158023E-02
  0.809017003      0.587785244       2.23830584E-02
  0.788117886      0.615524352       2.96405423E-02
  0.752300262      0.658820391       4.55911346E-02
  0.728968620      0.684547126       5.85815273E-02
  0.704757631      0.709448099       7.43732676E-02
  0.663796067      0.747913599      0.106611162    
  0.637423992      0.770513237      0.130996555    
  0.610283017      0.792183459      0.158863068    
  0.564823449      0.825211763      0.210896209    
  0.535826802      0.844327927      0.246695340    
  0.506183803      0.862425625      0.284399569    
  0.456943184      0.889495909      0.346658468    
  0.425779283      0.904827058      0.383720279    
  0.394101828      0.919066787      0.417740047    
  0.341856629      0.939752102      0.461823881    
  0.309017003      0.951056540      0.479538381    
  0.275804609      0.961213708      0.488169968    
  0.221378833      0.975187898      0.480322957    
  0.187381312      0.982287228      0.461362064    
  0.153157771      0.988201737      0.432055861    
   9.74097401E-02  0.995244384      0.365909487    
   6.27905205E-02  0.998026729      0.316556305    
   2.80955620E-02  0.999605238      0.263713926    
  -2.80955620E-02  0.999605238      0.177854896    
  -6.27905205E-02  0.998026729      0.128792897    
  -9.74097401E-02  0.995244384       8.54700208E-02
 -0.153157771      0.988201737       3.12059708E-02
 -0.187381312      0.982287228       8.39112792E-03
 -0.221378833      0.975187898      -6.53280504E-03
 -0.275804609      0.961213708      -1.66368000E-02
 -0.309017003      0.951056540      -1.65864117E-02
 -0.341856629      0.939752102      -1.36936354E-02
 -0.394101828      0.919066787      -6.72864402E-03
 -0.425779283      0.904827058      -2.74000270E-03
 -0.456943184      0.889495909       2.20864298E-04
 -0.506183803      0.862425625       2.43236870E-03
 -0.535826802      0.844327927       2.49356660E-03
 -0.564823449      0.825211763       1.95294211E-03
 -0.610283017      0.792183459       6.70164416E-04
 -0.637423992      0.770513237       8.89078001E-06
 -0.663796067      0.747913599      -3.85386171E-04
 -0.704757631      0.709448099      -4.74667206E-04
 -0.728968620      0.684547126      -3.41333653E-04
 -0.752300262      0.658820391      -1.71035048E-04
 -0.788117886      0.615524352       5.29717363E-05
 -0.809017003      0.587785244       1.15511160E-04
 -0.828940272      0.559337139       1.10412664E-04
 -0.859048963      0.511893392       3.49692564E-05
 -0.876306653      0.481753677      -9.76324031E-07
 -0.892507374      0.451032847      -1.44467003E-05
 -0.916432381      0.400189579      -2.58315104E-05
 -0.929776490      0.368124545      -1.91941890E-05
 -0.941999078      0.335615486      -3.13587179E-06
 -0.959363103      0.282174528       7.96443055E-06
 -0.968583167      0.248689890       8.52139965E-06
 -0.976634920      0.214905262       1.01116734E-06
 -0.987164080      0.159709439       8.07492768E-07
 -0.992114723      0.125333235       6.34580957E-08
 -0.995868623       9.08058509E-02  -2.19655135E-06
 -0.999396861       3.47256102E-02   5.60967464E-07
  -1.00000000       1.22464685E-16  -1.84327234E-06
 -0.999396861      -3.47256102E-02   5.60967464E-07
 -0.995868623      -9.08058509E-02  -2.19655135E-06
 -0.992114723     -0.125333235       6.34580957E-08
 -0.987164080     -0.159709439       8.07492768E-07
 -0.976634920     -0.214905262       1.01116734E-06
 -0.968583167     -0.248689890       8.52139965E-06
 -0.959363103     -0.282174528       7.96443055E-06
 -0.941999078     -0.335615486      -3.13587179E-06
 -0.929776490     -0.368124545      -1.91941890E-05
 -0.916432381     -0.400189579      -2.58315104E-05
 -0.892507374     -0.451032847      -1.44467003E-05
 -0.876306653     -0.481753677      -9.76324031E-07
 -0.859048963     -0.511893392       3.49692564E-05
 -0.828940272     -0.559337139       1.10412664E-04
 -0.809017003     -0.587785244       1.15511160E-04
 -0.788117886     -0.615524352       5.29717363E-05
 -0.752300262     -0.658820391      -1.71035048E-04
 -0.728968620     -0.684547126      -3.41333653E-04
 -0.704757631     -0.709448099      -4.74667206E-04
 -0.663796067     -0.747913599      -3.85386171E-04
 -0.637423992     -0.770513237       8.89078001E-06
 -0.610283017     -0.792183459       6.70164416E-04
 -0.564823449     -0.825211763       1.95294211E-03
 -0.535826802     -0.844327927       2.49356660E-03
 -0.506183803     -0.862425625       2.43236870E-03
 -0.456943184     -0.889495909       2.20864298E-04
 -0.425779283     -0.904827058      -2.74000270E-03
 -0.394101828     -0.919066787      -6.72864402E-03
 -0.341856629     -0.939752102      -1.36936354E-02
 -0.309017003     -0.951056540      -1.65864117E-02
 -0.275804609     -0.961213708      -1.66368000E-02
 -0.221378833     -0.975187898      -6.53280504E-03
 -0.187381312     -0.982287228       8.39112792E-03
 -0.153157771     -0.988201737       3.12059708E-02
  -9.74097401E-02 -0.995244384       8.54700208E-02
  -6.27905205E-02 -0.998026729      0.128792897    
  -2.80955620E-02 -0.999605238      0.177854896    
   2.80955620E-02 -0.999605238      0.263713926    
   6.27905205E-02 -0.998026729      0.316556305    
   9.74097401E-02 -0.995244384      0.365909487    
  0.153157771     -0.988201737      0.432055861    
  0.187381312     -0.982287228      0.461362064    
  0.221378833     -0.975187898      0.480322957    
  0.275804609     -0.961213708      0.488169968    
  0.309017003     -0.951056540      0.479538381    
  0.341856629     -0.939752102      0.461823881    
  0.394101828     -0.919066787      0.417740047    
  0.425779283     -0.904827058      0.383720279    
  0.456943184     -0.889495909      0.346658468    
  0.506183803     -0.862425625      0.284399569    
  0.535826802     -0.844327927      0.246695340    
  0.564823449     -0.825211763      0.210896209    
  0.610283017     -0.792183459      0.158863068    
  0.637423992     -0.770513237      0.130996555    
  0.663796067     -0.747913599      0.106611162    
  0.704757631     -0.709448099       7.43732676E-02
  0.728968620     -0.684547126       5.85815273E-02
  0.752300262     -0.658820391       4.55911346E-02
  0.788117886     -0.615524352       2.96405423E-02
  0.809017003     -0.587785244       2.23830584E-02
  0.828940272     -0.559337139       1.67158023E-02
  0.859048963     -0.511893392       1.01783872E-02
  0.876306653     -0.481753677       7.38868536E-03
  0.892507374     -0.451032847       5.30712353E-03
  0.916432381     -0.400189579       3.04244831E-03
  0.929776490     -0.368124545       2.12657358E-03
  0.941999078     -0.335615486       1.46946800E-03
  0.959363103     -0.282174528       7.97769288E-04
  0.968583167     -0.248689890       5.38384833E-04
  0.976634920     -0.214905262       3.59970814E-04
  0.987164080     -0.159709439       1.84562668E-04
  0.992114723     -0.125333235       1.23409220E-04
  0.995868623      -9.08058509E-02   8.62316956E-05
  0.999396861      -3.47256102E-02   5.16506880E-05
   1.00000000      -2.44929371E-16   4.56724993E-05
