   1.00000000       0.00000000       1.12289299E-05
  0.999396861       3.47256102E-02  -2.72025454E-06
  0.995868623       9.08058509E-02   2.30643792E-07
  0.992114723      0.125333235       2.31917079E-06
  0.987164080      0.159709439      -1.46622222E-06
  0.976634920      0.214905262       3.00527176E-06
  0.968583167      0.248689890      -9.69707435E-06
  0.959363103      0.282174528       1.38015696E-06
  0.941999078      0.335615486       1.98895236E-06
  0.929776490      0.368124545      -6.10159441E-06
  0.916432381      0.400189579       2.44832592E-07
  0.892507374      0.451032847       4.20542051E-07
  0.876306653      0.481753677       4.72191323E-06
  0.859048963      0.511893392      -2.89559716E-06
  0.828940272      0.559337139       6.09260951E-07
  0.809017003      0.587785244       5.40924020E-06
  0.788117886      0.615524352      -1.93901201E-06
  0.752300262      0.658820391      -7.02988984E-07
  0.728968620      0.684547126       9.97437269E-07
  0.704757631      0.709448099       2.41615362E-06
  0.663796067      0.747913599      -3.94089238E-06
  0.637423992      0.770513237       9.21542309E-08
  0.610283017      0.792183459       4.52981840E-06
  0.564823449      0.825211763      -3.51717699E-06
  0.535826802      0.844327927      -1.96251517E-06
  0.506183803      0.862425625       2.79897722E-06
  0.456943184      0.889495909       2.61435048E-06
  0.425779283      0.904827058      -1.74256218E-06
  0.394101828      0.919066787       2.61778223E-06
  0.341856629      0.939752102       2.19239173E-05
  0.309017003      0.951056540       3.09045863E-05
  0.275804609      0.961213708       5.31093974E-05
  0.221378833      0.975187898       1.62441429E-04
  0.187381312      0.982287228       2.87966570E-04
  0.153157771      0.988201737       4.95329616E-04
   9.74097401E-02  0.995244384       1.17422838E-03
   6.27905205E-02  0.998026729       1.95477041E-03
   2.80955620E-02  0.999605238       3.17243091E-03
  -2.80955620E-02  0.999605238       6.61816448E-03
  -6.27905205E-02  0.998026729       1.01597914E-02
  -9.74097401E-02  0.995244384       1.52633581E-02
 -0.153157771      0.988201737       2.81300396E-02
 -0.187381312      0.982287228       3.98925580E-02
 -0.221378833      0.975187898       5.53543009E-02
 -0.275804609      0.961213708       8.97330046E-02
 -0.309017003      0.951056540      0.117470078    
 -0.341856629      0.939752102      0.150363654    
 -0.394101828      0.919066787      0.213718474    
 -0.425779283      0.904827058      0.257788569    
 -0.456943184      0.889495909      0.303874612    
 -0.506183803      0.862425625      0.377567708    
 -0.535826802      0.844327927      0.418793648    
 -0.564823449      0.825211763      0.453725010    
 -0.610283017      0.792183459      0.491236627    
 -0.637423992      0.770513237      0.500041246    
 -0.663796067      0.747913599      0.496887207    
 -0.704757631      0.709448099      0.467133284    
 -0.728968620      0.684547126      0.435446650    
 -0.752300262      0.658820391      0.395992428    
 -0.788117886      0.615524352      0.322071344    
 -0.809017003      0.587785244      0.274280548    
 -0.828940272      0.559337139      0.227713913    
 -0.859048963      0.511893392      0.159594253    
 -0.876306653      0.481753677      0.123840578    
 -0.892507374      0.451032847       9.36100334E-02
 -0.916432381      0.400189579       5.62867522E-02
 -0.929776490      0.368124545       3.96835282E-02
 -0.941999078      0.335615486       2.72314586E-02
 -0.959363103      0.282174528       1.39787346E-02
 -0.968583167      0.248689890       8.92834738E-03
 -0.976634920      0.214905262       5.54731581E-03
 -0.987164080      0.159709439       2.42259144E-03
 -0.992114723      0.125333235       1.40617485E-03
 -0.995868623       9.08058509E-02   8.06440774E-04
 -0.999396861       3.47256102E-02   3.64448817E-04
  -1.00000000       1.22464685E-16   3.00342246E-04
 -0.999396861      -3.47256102E-02   3.64448817E-04
 -0.995868623      -9.08058509E-02   8.06440774E-04
 -0.992114723     -0.125333235       1.40617485E-03
 -0.987164080     -0.159709439       2.42259144E-03
 -0.976634920     -0.214905262       5.54731581E-03
 -0.968583167     -0.248689890       8.92834738E-03
 -0.959363103     -0.282174528       1.39787346E-02
 -0.941999078     -0.335615486       2.72314586E-02
 -0.929776490     -0.368124545       3.96835282E-02
 -0.916432381     -0.400189579       5.62867522E-02
 -0.892507374     -0.451032847       9.36100334E-02
 -0.876306653     -0.481753677      0.123840578    
 -0.859048963     -0.511893392      0.159594253    
 -0.828940272     -0.559337139      0.227713913    
 -0.809017003     -0.587785244      0.274280548    
 -0.788117886     -0.615524352      0.322071344    
 -0.752300262     -0.658820391      0.395992428    
 -0.728968620     -0.684547126      0.435446650    
 -0.704757631     -0.709448099      0.467133284    
 -0.663796067     -0.747913599      0.496887207    
 -0.637423992     -0.770513237      0.500041246    
 -0.610283017     -0.792183459      0.491236627    
 -0.564823449     -0.825211763      0.453725010    
 -0.535826802     -0.844327927      0.418793648    
 -0.506183803     -0.862425625      0.377567708    
 -0.456943184     -0.889495909      0.303874612    
 -0.425779283     -0.904827058      0.257788569    
 -0.394101828     -0.919066787      0.213718474    
 -0.341856629     -0.939752102      0.150363654    
 -0.309017003     -0.951056540      0.117470078    
 -0.275804609     -0.961213708       8.97330046E-02
 -0.221378833     -0.975187898       5.53543009E-02
 -0.187381312     -0.982287228       3.98925580E-02
 -0.153157771     -0.988201737       2.81300396E-02
  -9.74097401E-02 -0.995244384       1.52633581E-02
  -6.27905205E-02 -0.998026729       1.01597914E-02
  -2.80955620E-02 -0.999605238       6.61816448E-03
   2.80955620E-02 -0.999605238       3.17243091E-03
   6.27905205E-02 -0.998026729       1.95477041E-03
   9.74097401E-02 -0.995244384       1.17422838E-03
  0.153157771     -0.988201737       4.95329616E-04
  0.187381312     -0.982287228       2.87966570E-04
  0.221378833     -0.975187898       1.62441429E-04
  0.275804609     -0.961213708       5.31093974E-05
  0.309017003     -0.951056540       3.09045863E-05
  0.341856629     -0.939752102       2.19239173E-05
  0.394101828     -0.919066787       2.61778223E-06
  0.425779283     -0.904827058      -1.74256218E-06
  0.456943184     -0.889495909       2.61435048E-06
  0.506183803     -0.862425625       2.79897722E-06
  0.535826802     -0.844327927      -1.96251517E-06
  0.564823449     -0.825211763      -3.51717699E-06
  0.610283017     -0.792183459       4.52981840E-06
  0.637423992     -0.770513237       9.21542238E-08
  0.663796067     -0.747913599      -3.94089238E-06
  0.704757631     -0.709448099       2.41615362E-06
  0.728968620     -0.684547126       9.97437269E-07
  0.752300262     -0.658820391      -7.02988984E-07
  0.788117886     -0.615524352      -1.93901201E-06
  0.809017003     -0.587785244       5.40924020E-06
  0.828940272     -0.559337139       6.09260951E-07
  0.859048963     -0.511893392      -2.89559716E-06
  0.876306653     -0.481753677       4.72191323E-06
  0.892507374     -0.451032847       4.20542051E-07
  0.916432381     -0.400189579       2.44832592E-07
  0.929776490     -0.368124545      -6.10159441E-06
  0.941999078     -0.335615486       1.98895236E-06
  0.959363103     -0.282174528       1.38015696E-06
  0.968583167     -0.248689890      -9.69707435E-06
  0.976634920     -0.214905262       3.00527176E-06
  0.987164080     -0.159709439      -1.46622222E-06
  0.992114723     -0.125333235       2.31917079E-06
  0.995868623      -9.08058509E-02   2.30643792E-07
  0.999396861      -3.47256102E-02  -2.72025454E-06
   1.00000000      -2.44929371E-16   1.12289299E-05
