   1.00000000       0.00000000      -7.17574380E-07
  0.999396861       3.47256102E-02   2.82214478E-06
  0.995868623       9.08058509E-02  -6.14614100E-06
  0.992114723      0.125333235       1.12050508E-07
  0.987164080      0.159709439       7.55787778E-06
  0.976634920      0.214905262      -6.32456658E-06
  0.968583167      0.248689890       1.14685554E-06
  0.959363103      0.282174528       1.70727242E-06
  0.941999078      0.335615486       1.55007456E-06
  0.929776490      0.368124545       9.40556333E-07
  0.916432381      0.400189579      -5.01391969E-06
  0.892507374      0.451032847       5.54171766E-06
  0.876306653      0.481753677      -1.47834646E-06
  0.859048963      0.511893392      -3.21719472E-06
  0.828940272      0.559337139       1.92238303E-06
  0.809017003      0.587785244      -3.32367995E-06
  0.788117886      0.615524352       1.94488553E-06
  0.752300262      0.658820391      -1.93775622E-06
  0.728968620      0.684547126      -6.16119621E-07
  0.704757631      0.709448099       1.19247659E-06
  0.663796067      0.747913599      -5.55648683E-07
  0.637423992      0.770513237       5.26124222E-06
  0.610283017      0.792183459      -8.53307597E-07
  0.564823449      0.825211763       1.44586792E-07
  0.535826802      0.844327927       1.11681163E-06
  0.506183803      0.862425625      -6.99123666E-06
  0.456943184      0.889495909      -1.05893459E-05
  0.425779283      0.904827058      -5.40916290E-06
  0.394101828      0.919066787       1.85123899E-05
  0.341856629      0.939752102       6.52011440E-05
  0.309017003      0.951056540       8.87601127E-05
  0.275804609      0.961213708       8.40976863E-05
  0.221378833      0.975187898      -1.21302808E-04
  0.187381312      0.982287228      -4.19750198E-04
  0.153157771      0.988201737      -8.27787968E-04
   9.74097401E-02  0.995244384      -1.31475937E-03
   6.27905205E-02  0.998026729      -9.75339150E-04
   2.80955620E-02  0.999605238       5.80653606E-04
  -2.80955620E-02  0.999605238       7.98590295E-03
  -6.27905205E-02  0.998026729       1.73373725E-02
  -9.74097401E-02  0.995244384       3.17482613E-02
 -0.153157771      0.988201737       6.82829469E-02
 -0.187381312      0.982287228       9.99570638E-02
 -0.221378833      0.975187898      0.138475239    
 -0.275804609      0.961213708      0.212888792    
 -0.309017003      0.951056540      0.263601840    
 -0.341856629      0.939752102      0.315053970    
 -0.394101828      0.919066787      0.392862797    
 -0.425779283      0.904827058      0.433231026    
 -0.456943184      0.889495909      0.464873731    
 -0.506183803      0.862425625      0.493515015    
 -0.535826802      0.844327927      0.496151388    
 -0.564823449      0.825211763      0.487526476    
 -0.610283017      0.792183459      0.452463865    
 -0.637423992      0.770513237      0.420435548    
 -0.663796067      0.747913599      0.382936895    
 -0.704757631      0.709448099      0.316062063    
 -0.728968620      0.684547126      0.273965150    
 -0.752300262      0.658820391      0.233242422    
 -0.788117886      0.615524352      0.173284397    
 -0.809017003      0.587785244      0.141060367    
 -0.828940272      0.559337139      0.112954043    
 -0.859048963      0.511893392       7.62136728E-02
 -0.876306653      0.481753677       5.85622117E-02
 -0.892507374      0.451032847       4.43185270E-02
 -0.916432381      0.400189579       2.73481347E-02
 -0.929776490      0.368124545       1.99108515E-02
 -0.941999078      0.335615486       1.42919598E-02
 -0.959363103      0.282174528       8.11797846E-03
 -0.968583167      0.248689890       5.61905839E-03
 -0.976634920      0.214905262       3.84104671E-03
 -0.987164080      0.159709439       2.03594472E-03
 -0.992114723      0.125333235       1.36911101E-03
 -0.995868623       9.08058509E-02   9.36546887E-04
 -0.999396861       3.47256102E-02   5.82256063E-04
  -1.00000000       1.22464685E-16   5.26117510E-04
 -0.999396861      -3.47256102E-02   5.82256063E-04
 -0.995868623      -9.08058509E-02   9.36546887E-04
 -0.992114723     -0.125333235       1.36911101E-03
 -0.987164080     -0.159709439       2.03594472E-03
 -0.976634920     -0.214905262       3.84104671E-03
 -0.968583167     -0.248689890       5.61905839E-03
 -0.959363103     -0.282174528       8.11797846E-03
 -0.941999078     -0.335615486       1.42919598E-02
 -0.929776490     -0.368124545       1.99108515E-02
 -0.916432381     -0.400189579       2.73481347E-02
 -0.892507374     -0.451032847       4.43185270E-02
 -0.876306653     -0.481753677       5.85622117E-02
 -0.859048963     -0.511893392       7.62136728E-02
 -0.828940272     -0.559337139      0.112954043    
 -0.809017003     -0.587785244      0.141060367    
 -0.788117886     -0.615524352      0.173284397    
 -0.752300262     -0.658820391      0.233242422    
 -0.728968620     -0.684547126      0.273965150    
 -0.704757631     -0.709448099      0.316062063    
 -0.663796067     -0.747913599      0.382936895    
 -0.637423992     -0.770513237      0.420435548    
 -0.610283017     -0.792183459      0.452463865    
 -0.564823449     -0.825211763      0.487526476    
 -0.535826802     -0.844327927      0.496151388    
 -0.506183803     -0.862425625      0.493515015    
 -0.456943184     -0.889495909      0.464873731    
 -0.425779283     -0.904827058      0.433231026    
 -0.394101828     -0.919066787      0.392862797    
 -0.341856629     -0.939752102      0.315053970    
 -0.309017003     -0.951056540      0.263601840    
 -0.275804609     -0.961213708      0.212888792    
 -0.221378833     -0.975187898      0.138475239    
 -0.187381312     -0.982287228       9.99570638E-02
 -0.153157771     -0.988201737       6.82829469E-02
  -9.74097401E-02 -0.995244384       3.17482613E-02
  -6.27905205E-02 -0.998026729       1.73373725E-02
  -2.80955620E-02 -0.999605238       7.98590295E-03
   2.80955620E-02 -0.999605238       5.80653606E-04
   6.27905205E-02 -0.998026729      -9.75339150E-04
   9.74097401E-02 -0.995244384      -1.31475937E-03
  0.153157771     -0.988201737      -8.27787968E-04
  0.187381312     -0.982287228      -4.19750198E-04
  0.221378833     -0.975187898      -1.21302808E-04
  0.275804609     -0.961213708       8.40976863E-05
  0.309017003     -0.951056540       8.87601127E-05
  0.341856629     -0.939752102       6.52011440E-05
  0.394101828     -0.919066787       1.85123899E-05
  0.425779283     -0.904827058      -5.40916290E-06
  0.456943184     -0.889495909      -1.05893459E-05
  0.506183803     -0.862425625      -6.99123666E-06
  0.535826802     -0.844327927       1.11681163E-06
  0.564823449     -0.825211763       1.44586792E-07
  0.610283017     -0.792183459      -8.53307597E-07
  0.637423992     -0.770513237       5.26124222E-06
  0.663796067     -0.747913599      -5.55648683E-07
  0.704757631     -0.709448099       1.19247659E-06
  0.728968620     -0.684547126      -6.16119621E-07
  0.752300262     -0.658820391      -1.93775622E-06
  0.788117886     -0.615524352       1.94488553E-06
  0.809017003     -0.587785244      -3.32367995E-06
  0.828940272     -0.559337139       1.92238303E-06
  0.859048963     -0.511893392      -3.21719472E-06
  0.876306653     -0.481753677      -1.47834646E-06
  0.892507374     -0.451032847       5.54171766E-06
  0.916432381     -0.400189579      -5.01391969E-06
  0.929776490     -0.368124545       9.40556333E-07
  0.941999078     -0.335615486       1.55007456E-06
  0.959363103     -0.282174528       1.70727242E-06
  0.968583167     -0.248689890       1.14685554E-06
  0.976634920     -0.214905262      -6.32456658E-06
  0.987164080     -0.159709439       7.55787778E-06
  0.992114723     -0.125333235       1.12050508E-07
  0.995868623      -9.08058509E-02  -6.14614100E-06
  0.999396861      -3.47256102E-02   2.82214478E-06
   1.00000000      -2.44929371E-16  -7.17574380E-07
