   1.00000000       0.00000000      -3.32848026E-06
  0.999396861       3.47256102E-02  -1.08945187E-06
  0.995868623       9.08058509E-02   5.72720091E-06
  0.992114723      0.125333235      -2.91816809E-06
  0.987164080      0.159709439      -8.36360960E-06
  0.976634920      0.214905262       2.79697042E-06
  0.968583167      0.248689890       1.64315111E-06
  0.959363103      0.282174528       2.28338081E-06
  0.941999078      0.335615486       2.36037977E-05
  0.929776490      0.368124545       3.82904364E-05
  0.916432381      0.400189579       2.69208158E-05
  0.892507374      0.451032847      -7.99441841E-05
  0.876306653      0.481753677      -2.13478081E-04
  0.859048963      0.511893392      -3.80793848E-04
  0.828940272      0.559337139      -4.41106531E-04
  0.809017003      0.587785244       6.05494897E-05
  0.788117886      0.615524352       1.54130755E-03
  0.752300262      0.658820391       7.84486253E-03
  0.728968620      0.684547126       1.56649482E-02
  0.704757631      0.709448099       2.77912058E-02
  0.663796067      0.747913599       5.91675676E-02
  0.637423992      0.770513237       8.70447457E-02
  0.610283017      0.792183459      0.121705763    
  0.564823449      0.825211763      0.190840214    
  0.535826802      0.844327927      0.239566162    
  0.506183803      0.862425625      0.290428877    
  0.456943184      0.889495909      0.370619625    
  0.425779283      0.904827058      0.414460301    
  0.394101828      0.919066787      0.450805813    
  0.341856629      0.939752102      0.488654882    
  0.309017003      0.951056540      0.497216105    
  0.275804609      0.961213708      0.494125992    
  0.221378833      0.975187898      0.466323972    
  0.187381312      0.982287228      0.437366694    
  0.153157771      0.988201737      0.401756644    
   9.74097401E-02  0.995244384      0.335583299    
   6.27905205E-02  0.998026729      0.292727232    
   2.80955620E-02  0.999605238      0.250589490    
  -2.80955620E-02  0.999605238      0.187479958    
  -6.27905205E-02  0.998026729      0.153110519    
  -9.74097401E-02  0.995244384      0.122900359    
 -0.153157771      0.988201737       8.31061825E-02
 -0.187381312      0.982287228       6.38634637E-02
 -0.221378833      0.975187898       4.82954122E-02
 -0.275804609      0.961213708       2.97302622E-02
 -0.309017003      0.951056540       2.15810891E-02
 -0.341856629      0.939752102       1.54332947E-02
 -0.394101828      0.919066787       8.69364291E-03
 -0.425779283      0.904827058       5.98508632E-03
 -0.456943184      0.889495909       4.06098133E-03
 -0.506183803      0.862425625       2.09757802E-03
 -0.535826802      0.844327927       1.37584156E-03
 -0.564823449      0.825211763       8.86100810E-04
 -0.610283017      0.792183459       4.25315229E-04
 -0.637423992      0.770513237       2.63742084E-04
 -0.663796067      0.747913599       1.56918875E-04
 -0.704757631      0.709448099       7.54599459E-05
 -0.728968620      0.684547126       4.19768912E-05
 -0.752300262      0.658820391       2.40120207E-05
 -0.788117886      0.615524352       8.36639447E-06
 -0.809017003      0.587785244       2.68950248E-06
 -0.828940272      0.559337139       8.71347402E-06
 -0.859048963      0.511893392      -3.12590100E-06
 -0.876306653      0.481753677      -1.35696541E-06
 -0.892507374      0.451032847       3.28263741E-06
 -0.916432381      0.400189579      -5.35536628E-07
 -0.929776490      0.368124545       3.31706178E-06
 -0.941999078      0.335615486      -3.09225993E-06
 -0.959363103      0.282174528       2.40538179E-06
 -0.968583167      0.248689890       3.30771036E-06
 -0.976634920      0.214905262      -3.27558860E-06
 -0.987164080      0.159709439       1.92934817E-06
 -0.992114723      0.125333235      -1.34728646E-06
 -0.995868623       9.08058509E-02  -3.23655087E-07
 -0.999396861       3.47256102E-02   9.26866505E-07
  -1.00000000       1.22464685E-16  -3.61392790E-06
 -0.999396861      -3.47256102E-02   9.26866505E-07
 -0.995868623      -9.08058509E-02  -3.23655087E-07
 -0.992114723     -0.125333235      -1.34728646E-06
 -0.987164080     -0.159709439       1.92934817E-06
 -0.976634920     -0.214905262      -3.27558860E-06
 -0.968583167     -0.248689890       3.30771036E-06
 -0.959363103     -0.282174528       2.40538179E-06
 -0.941999078     -0.335615486      -3.09225993E-06
 -0.929776490     -0.368124545       3.31706178E-06
 -0.916432381     -0.400189579      -5.35536628E-07
 -0.892507374     -0.451032847       3.28263741E-06
 -0.876306653     -0.481753677      -1.35696541E-06
 -0.859048963     -0.511893392      -3.12590100E-06
 -0.828940272     -0.559337139       8.71347402E-06
 -0.809017003     -0.587785244       2.68950248E-06
 -0.788117886     -0.615524352       8.36639447E-06
 -0.752300262     -0.658820391       2.40120207E-05
 -0.728968620     -0.684547126       4.19768912E-05
 -0.704757631     -0.709448099       7.54599459E-05
 -0.663796067     -0.747913599       1.56918875E-04
 -0.637423992     -0.770513237       2.63742084E-04
 -0.610283017     -0.792183459       4.25315229E-04
 -0.564823449     -0.825211763       8.86100810E-04
 -0.535826802     -0.844327927       1.37584156E-03
 -0.506183803     -0.862425625       2.09757802E-03
 -0.456943184     -0.889495909       4.06098133E-03
 -0.425779283     -0.904827058       5.98508632E-03
 -0.394101828     -0.919066787       8.69364291E-03
 -0.341856629     -0.939752102       1.54332947E-02
 -0.309017003     -0.951056540       2.15810891E-02
 -0.275804609     -0.961213708       2.97302622E-02
 -0.221378833     -0.975187898       4.82954122E-02
 -0.187381312     -0.982287228       6.38634637E-02
 -0.153157771     -0.988201737       8.31061825E-02
  -9.74097401E-02 -0.995244384      0.122900359    
  -6.27905205E-02 -0.998026729      0.153110519    
  -2.80955620E-02 -0.999605238      0.187479958    
   2.80955620E-02 -0.999605238      0.250589490    
   6.27905205E-02 -0.998026729      0.292727232    
   9.74097401E-02 -0.995244384      0.335583299    
  0.153157771     -0.988201737      0.401756644    
  0.187381312     -0.982287228      0.437366694    
  0.221378833     -0.975187898      0.466323972    
  0.275804609     -0.961213708      0.494125992    
  0.309017003     -0.951056540      0.497216105    
  0.341856629     -0.939752102      0.488654882    
  0.394101828     -0.919066787      0.450805813    
  0.425779283     -0.904827058      0.414460301    
  0.456943184     -0.889495909      0.370619625    
  0.506183803     -0.862425625      0.290428877    
  0.535826802     -0.844327927      0.239566162    
  0.564823449     -0.825211763      0.190840214    
  0.610283017     -0.792183459      0.121705763    
  0.637423992     -0.770513237       8.70447457E-02
  0.663796067     -0.747913599       5.91675676E-02
  0.704757631     -0.709448099       2.77912058E-02
  0.728968620     -0.684547126       1.56649482E-02
  0.752300262     -0.658820391       7.84486253E-03
  0.788117886     -0.615524352       1.54130755E-03
  0.809017003     -0.587785244       6.05494897E-05
  0.828940272     -0.559337139      -4.41106531E-04
  0.859048963     -0.511893392      -3.80793848E-04
  0.876306653     -0.481753677      -2.13478081E-04
  0.892507374     -0.451032847      -7.99441841E-05
  0.916432381     -0.400189579       2.69208158E-05
  0.929776490     -0.368124545       3.82904364E-05
  0.941999078     -0.335615486       2.36037977E-05
  0.959363103     -0.282174528       2.28338081E-06
  0.968583167     -0.248689890       1.64315111E-06
  0.976634920     -0.214905262       2.79697042E-06
  0.987164080     -0.159709439      -8.36360960E-06
  0.992114723     -0.125333235      -2.91816809E-06
  0.995868623      -9.08058509E-02   5.72720091E-06
  0.999396861      -3.47256102E-02  -1.08945187E-06
   1.00000000      -2.44929371E-16  -3.32848026E-06
