   1.00000000       0.00000000       6.48534391E-03
  0.999396861       3.47256102E-02   7.15415692E-03
  0.995868623       9.08058509E-02   1.13428021E-02
  0.992114723      0.125333235       1.62967145E-02
  0.987164080      0.159709439       2.35453602E-02
  0.976634920      0.214905262       4.15387116E-02
  0.968583167      0.248689890       5.75681627E-02
  0.959363103      0.282174528       7.80740604E-02
  0.941999078      0.335615486      0.121825680    
  0.929776490      0.368124545      0.155672714    
  0.916432381      0.400189579      0.194414884    
  0.892507374      0.451032847      0.265227616    
  0.876306653      0.481753677      0.311672658    
  0.859048963      0.511893392      0.357772440    
  0.828940272      0.559337139      0.425521582    
  0.809017003      0.587785244      0.459166884    
  0.788117886      0.615524352      0.483790219    
  0.752300262      0.658820391      0.500402510    
  0.728968620      0.684547126      0.495076567    
  0.704757631      0.709448099      0.478054523    
  0.663796067      0.747913599      0.428946644    
  0.637423992      0.770513237      0.388470769    
  0.610283017      0.792183459      0.343221724    
  0.564823449      0.825211763      0.266457528    
  0.535826802      0.844327927      0.220512196    
  0.506183803      0.862425625      0.177954257    
  0.456943184      0.889495909      0.119195350    
  0.425779283      0.904827058       8.99752006E-02
  0.394101828      0.919066787       6.61974996E-02
  0.341856629      0.939752102       3.81367430E-02
  0.309017003      0.951056540       2.62141973E-02
  0.275804609      0.961213708       1.75441485E-02
  0.221378833      0.975187898       8.66592489E-03
  0.187381312      0.982287228       5.41572412E-03
  0.153157771      0.988201737       3.28919804E-03
   9.74097401E-02  0.995244384       1.38995307E-03
   6.27905205E-02  0.998026729       7.85459648E-04
   2.80955620E-02  0.999605238       4.34072979E-04
  -2.80955620E-02  0.999605238       1.56678245E-04
  -6.27905205E-02  0.998026729       7.91987623E-05
  -9.74097401E-02  0.995244384       4.02135302E-05
 -0.153157771      0.988201737       1.23957179E-05
 -0.187381312      0.982287228       5.95513211E-06
 -0.221378833      0.975187898       2.39286760E-06
 -0.275804609      0.961213708       9.21812671E-07
 -0.309017003      0.951056540      -2.49704840E-07
 -0.341856629      0.939752102       2.46887026E-07
 -0.394101828      0.919066787      -3.92734023E-08
 -0.425779283      0.904827058       1.79806681E-09
 -0.456943184      0.889495909       7.93588768E-08
 -0.506183803      0.862425625      -1.25015632E-07
 -0.535826802      0.844327927       2.23764630E-07
 -0.564823449      0.825211763       3.25303837E-08
 -0.610283017      0.792183459      -7.21782527E-08
 -0.637423992      0.770513237      -1.90575999E-08
 -0.663796067      0.747913599       8.07683236E-08
 -0.704757631      0.709448099      -9.91570559E-08
 -0.728968620      0.684547126       1.37972734E-07
 -0.752300262      0.658820391       3.33475754E-08
 -0.788117886      0.615524352      -5.15251948E-08
 -0.809017003      0.587785244       7.40648520E-09
 -0.828940272      0.559337139       3.01816705E-08
 -0.859048963      0.511893392      -2.92082927E-08
 -0.876306653      0.481753677       2.14798508E-08
 -0.892507374      0.451032847       2.48019454E-08
 -0.916432381      0.400189579      -2.14427338E-08
 -0.929776490      0.368124545      -7.91331445E-09
 -0.941999078      0.335615486       5.55273205E-09
 -0.959363103      0.282174528       1.24371524E-09
 -0.968583167      0.248689890      -9.81436798E-09
 -0.976634920      0.214905262       1.39043657E-08
 -0.987164080      0.159709439      -6.52706333E-09
 -0.992114723      0.125333235      -1.78087980E-08
 -0.995868623       9.08058509E-02  -2.02387818E-09
 -0.999396861       3.47256102E-02   9.11435549E-09
  -1.00000000       1.22464685E-16  -1.28457449E-08
 -0.999396861      -3.47256102E-02   9.11435549E-09
 -0.995868623      -9.08058509E-02  -2.02387840E-09
 -0.992114723     -0.125333235      -1.78087980E-08
 -0.987164080     -0.159709439      -6.52706289E-09
 -0.976634920     -0.214905262       1.39043657E-08
 -0.968583167     -0.248689890      -9.81436798E-09
 -0.959363103     -0.282174528       1.24371546E-09
 -0.941999078     -0.335615486       5.55273161E-09
 -0.929776490     -0.368124545      -7.91331445E-09
 -0.916432381     -0.400189579      -2.14427338E-08
 -0.892507374     -0.451032847       2.48019454E-08
 -0.876306653     -0.481753677       2.14798508E-08
 -0.859048963     -0.511893392      -2.92082927E-08
 -0.828940272     -0.559337139       3.01816705E-08
 -0.809017003     -0.587785244       7.40648520E-09
 -0.788117886     -0.615524352      -5.15251948E-08
 -0.752300262     -0.658820391       3.33475754E-08
 -0.728968620     -0.684547126       1.37972734E-07
 -0.704757631     -0.709448099      -9.91570559E-08
 -0.663796067     -0.747913599       8.07683236E-08
 -0.637423992     -0.770513237      -1.90575999E-08
 -0.610283017     -0.792183459      -7.21782527E-08
 -0.564823449     -0.825211763       3.25303837E-08
 -0.535826802     -0.844327927       2.23764630E-07
 -0.506183803     -0.862425625      -1.25015632E-07
 -0.456943184     -0.889495909       7.93588768E-08
 -0.425779283     -0.904827058       1.79806681E-09
 -0.394101828     -0.919066787      -3.92734023E-08
 -0.341856629     -0.939752102       2.46887026E-07
 -0.309017003     -0.951056540      -2.49704840E-07
 -0.275804609     -0.961213708       9.21812671E-07
 -0.221378833     -0.975187898       2.39286760E-06
 -0.187381312     -0.982287228       5.95513211E-06
 -0.153157771     -0.988201737       1.23957179E-05
  -9.74097401E-02 -0.995244384       4.02135302E-05
  -6.27905205E-02 -0.998026729       7.91987623E-05
  -2.80955620E-02 -0.999605238       1.56678245E-04
   2.80955620E-02 -0.999605238       4.34072979E-04
   6.27905205E-02 -0.998026729       7.85459648E-04
   9.74097401E-02 -0.995244384       1.38995307E-03
  0.153157771     -0.988201737       3.28919804E-03
  0.187381312     -0.982287228       5.41572412E-03
  0.221378833     -0.975187898       8.66592489E-03
  0.275804609     -0.961213708       1.75441485E-02
  0.309017003     -0.951056540       2.62141973E-02
  0.341856629     -0.939752102       3.81367430E-02
  0.394101828     -0.919066787       6.61974996E-02
  0.425779283     -0.904827058       8.99752006E-02
  0.456943184     -0.889495909      0.119195350    
  0.506183803     -0.862425625      0.177954257    
  0.535826802     -0.844327927      0.220512196    
  0.564823449     -0.825211763      0.266457528    
  0.610283017     -0.792183459      0.343221724    
  0.637423992     -0.770513237      0.388470769    
  0.663796067     -0.747913599      0.428946644    
  0.704757631     -0.709448099      0.478054523    
  0.728968620     -0.684547126      0.495076567    
  0.752300262     -0.658820391      0.500402510    
  0.788117886     -0.615524352      0.483790219    
  0.809017003     -0.587785244      0.459166884    
  0.828940272     -0.559337139      0.425521582    
  0.859048963     -0.511893392      0.357772440    
  0.876306653     -0.481753677      0.311672658    
  0.892507374     -0.451032847      0.265227616    
  0.916432381     -0.400189579      0.194414884    
  0.929776490     -0.368124545      0.155672714    
  0.941999078     -0.335615486      0.121825680    
  0.959363103     -0.282174528       7.80740604E-02
  0.968583167     -0.248689890       5.75681627E-02
  0.976634920     -0.214905262       4.15387116E-02
  0.987164080     -0.159709439       2.35453602E-02
  0.992114723     -0.125333235       1.62967145E-02
  0.995868623      -9.08058509E-02   1.13428021E-02
  0.999396861      -3.47256102E-02   7.15415692E-03
   1.00000000      -2.44929371E-16   6.48534391E-03
