   1.00000000       0.00000000      -5.47927402E-06
  0.999396861       3.47256102E-02  -1.17473974E-06
  0.995868623       9.08058509E-02   5.18885190E-06
  0.992114723      0.125333235      -2.92063589E-07
  0.987164080      0.159709439      -5.08467656E-06
  0.976634920      0.214905262       1.31432807E-06
  0.968583167      0.248689890       5.27207703E-06
  0.959363103      0.282174528       1.00761815E-06
  0.941999078      0.335615486      -5.28470127E-06
  0.929776490      0.368124545       1.39819554E-06
  0.916432381      0.400189579       5.49840388E-06
  0.892507374      0.451032847      -3.56854594E-06
  0.876306653      0.481753677      -3.19417973E-06
  0.859048963      0.511893392       1.91142112E-06
  0.828940272      0.559337139       1.29380646E-06
  0.809017003      0.587785244      -1.20959021E-06
  0.788117886      0.615524352      -2.48218953E-06
  0.752300262      0.658820391       3.08211133E-06
  0.728968620      0.684547126      -1.47513912E-08
  0.704757631      0.709448099      -2.95768155E-06
  0.663796067      0.747913599       2.73526075E-06
  0.637423992      0.770513237      -1.04429444E-06
  0.610283017      0.792183459      -1.24817439E-06
  0.564823449      0.825211763       4.13519707E-08
  0.535826802      0.844327927       1.43433624E-06
  0.506183803      0.862425625       8.78159597E-07
  0.456943184      0.889495909      -2.43791305E-06
  0.425779283      0.904827058       1.67918427E-06
  0.394101828      0.919066787       1.84248495E-06
  0.341856629      0.939752102      -1.07520248E-06
  0.309017003      0.951056540      -2.00241675E-06
  0.275804609      0.961213708       1.05165452E-06
  0.221378833      0.975187898       3.87201567E-07
  0.187381312      0.982287228       2.63131938E-07
  0.153157771      0.988201737       6.77977084E-07
   9.74097401E-02  0.995244384       1.54552970E-06
   6.27905205E-02  0.998026729       6.62564207E-06
   2.80955620E-02  0.999605238       3.88535000E-06
  -2.80955620E-02  0.999605238       1.14226495E-05
  -6.27905205E-02  0.998026729       1.69690829E-05
  -9.74097401E-02  0.995244384       2.79429532E-05
 -0.153157771      0.988201737       6.63386381E-05
 -0.187381312      0.982287228       9.61730912E-05
 -0.221378833      0.975187898       1.54681751E-04
 -0.275804609      0.961213708       2.98682542E-04
 -0.309017003      0.951056540       4.43371711E-04
 -0.341856629      0.939752102       6.61741535E-04
 -0.394101828      0.919066787       1.25482806E-03
 -0.425779283      0.904827058       1.85503764E-03
 -0.456943184      0.889495909       2.69305566E-03
 -0.506183803      0.862425625       4.79071680E-03
 -0.535826802      0.844327927       6.70622103E-03
 -0.564823449      0.825211763       9.24230367E-03
 -0.610283017      0.792183459       1.51665285E-02
 -0.637423992      0.770513237       2.03634109E-02
 -0.663796067      0.747913599       2.71393210E-02
 -0.704757631      0.709448099       4.24349196E-02
 -0.728968620      0.684547126       5.52273132E-02
 -0.752300262      0.658820391       7.10265115E-02
 -0.788117886      0.615524352      0.103477359    
 -0.809017003      0.587785244      0.127820268    
 -0.828940272      0.559337139      0.155209482    
 -0.859048963      0.511893392      0.204934716    
 -0.876306653      0.481753677      0.238152921    
 -0.892507374      0.451032847      0.272600800    
 -0.916432381      0.400189579      0.329781055    
 -0.929776490      0.368124545      0.365470290    
 -0.941999078      0.335615486      0.401116848    
 -0.959363103      0.282174528      0.458137631    
 -0.968583167      0.248689890      0.492480874    
 -0.976634920      0.214905262      0.525496185    
 -0.987164080      0.159709439      0.574062049    
 -0.992114723      0.125333235      0.599466741    
 -0.995868623       9.08058509E-02  0.620027304    
 -0.999396861       3.47256102E-02  0.640490830    
  -1.00000000       1.22464685E-16  0.644098759    
 -0.999396861      -3.47256102E-02  0.640490830    
 -0.995868623      -9.08058509E-02  0.620027304    
 -0.992114723     -0.125333235      0.599466741    
 -0.987164080     -0.159709439      0.574062049    
 -0.976634920     -0.214905262      0.525496185    
 -0.968583167     -0.248689890      0.492480874    
 -0.959363103     -0.282174528      0.458137631    
 -0.941999078     -0.335615486      0.401116848    
 -0.929776490     -0.368124545      0.365470290    
 -0.916432381     -0.400189579      0.329781055    
 -0.892507374     -0.451032847      0.272600800    
 -0.876306653     -0.481753677      0.238152921    
 -0.859048963     -0.511893392      0.204934716    
 -0.828940272     -0.559337139      0.155209482    
 -0.809017003     -0.587785244      0.127820268    
 -0.788117886     -0.615524352      0.103477359    
 -0.752300262     -0.658820391       7.10265115E-02
 -0.728968620     -0.684547126       5.52273132E-02
 -0.704757631     -0.709448099       4.24349196E-02
 -0.663796067     -0.747913599       2.71393210E-02
 -0.637423992     -0.770513237       2.03634109E-02
 -0.610283017     -0.792183459       1.51665285E-02
 -0.564823449     -0.825211763       9.24230367E-03
 -0.535826802     -0.844327927       6.70622103E-03
 -0.506183803     -0.862425625       4.79071680E-03
 -0.456943184     -0.889495909       2.69305566E-03
 -0.425779283     -0.904827058       1.85503764E-03
 -0.394101828     -0.919066787       1.25482806E-03
 -0.341856629     -0.939752102       6.61741535E-04
 -0.309017003     -0.951056540       4.43371711E-04
 -0.275804609     -0.961213708       2.98682542E-04
 -0.221378833     -0.975187898       1.54681751E-04
 -0.187381312     -0.982287228       9.61730912E-05
 -0.153157771     -0.988201737       6.63386381E-05
  -9.74097401E-02 -0.995244384       2.79429532E-05
  -6.27905205E-02 -0.998026729       1.69690829E-05
  -2.80955620E-02 -0.999605238       1.14226495E-05
   2.80955620E-02 -0.999605238       3.88535000E-06
   6.27905205E-02 -0.998026729       6.62564207E-06
   9.74097401E-02 -0.995244384       1.54552970E-06
  0.153157771     -0.988201737       6.77977084E-07
  0.187381312     -0.982287228       2.63131938E-07
  0.221378833     -0.975187898       3.87201567E-07
  0.275804609     -0.961213708       1.05165452E-06
  0.309017003     -0.951056540      -2.00241675E-06
  0.341856629     -0.939752102      -1.07520248E-06
  0.394101828     -0.919066787       1.84248495E-06
  0.425779283     -0.904827058       1.67918427E-06
  0.456943184     -0.889495909      -2.43791305E-06
  0.506183803     -0.862425625       8.78159597E-07
  0.535826802     -0.844327927       1.43433624E-06
  0.564823449     -0.825211763       4.13519707E-08
  0.610283017     -0.792183459      -1.24817439E-06
  0.637423992     -0.770513237      -1.04429444E-06
  0.663796067     -0.747913599       2.73526075E-06
  0.704757631     -0.709448099      -2.95768155E-06
  0.728968620     -0.684547126      -1.47513903E-08
  0.752300262     -0.658820391       3.08211133E-06
  0.788117886     -0.615524352      -2.48218953E-06
  0.809017003     -0.587785244      -1.20959021E-06
  0.828940272     -0.559337139       1.29380646E-06
  0.859048963     -0.511893392       1.91142112E-06
  0.876306653     -0.481753677      -3.19417973E-06
  0.892507374     -0.451032847      -3.56854594E-06
  0.916432381     -0.400189579       5.49840388E-06
  0.929776490     -0.368124545       1.39819554E-06
  0.941999078     -0.335615486      -5.28470127E-06
  0.959363103     -0.282174528       1.00761815E-06
  0.968583167     -0.248689890       5.27207703E-06
  0.976634920     -0.214905262       1.31432807E-06
  0.987164080     -0.159709439      -5.08467656E-06
  0.992114723     -0.125333235      -2.92063589E-07
  0.995868623      -9.08058509E-02   5.18885190E-06
  0.999396861      -3.47256102E-02  -1.17473974E-06
   1.00000000      -2.44929371E-16  -5.47927402E-06
