   1.00000000       0.00000000       3.74713354E-03
  0.999396861       3.47256102E-02   4.02414147E-03
  0.995868623       9.08058509E-02   5.72089711E-03
  0.992114723      0.125333235       7.69848702E-03
  0.987164080      0.159709439       1.05706016E-02
  0.976634920      0.214905262       1.76921505E-02
  0.968583167      0.248689890       2.40952391E-02
  0.959363103      0.282174528       3.24476957E-02
  0.941999078      0.335615486       5.11087477E-02
  0.929776490      0.368124545       6.64773062E-02
  0.916432381      0.400189579       8.52560475E-02
  0.892507374      0.451032847      0.123626120    
  0.876306653      0.481753677      0.152505189    
  0.859048963      0.511893392      0.185231522    
  0.828940272      0.559337139      0.245255440    
  0.809017003      0.587785244      0.285472512    
  0.788117886      0.615524352      0.326631606    
  0.752300262      0.658820391      0.391149521    
  0.728968620      0.684547126      0.426767915    
  0.704757631      0.709448099      0.456704497    
  0.663796067      0.747913599      0.488213331    
  0.637423992      0.770513237      0.494711667    
  0.610283017      0.792183459      0.490083277    
  0.564823449      0.825211763      0.458649963    
  0.535826802      0.844327927      0.425564319    
  0.506183803      0.862425625      0.383949548    
  0.456943184      0.889495909      0.304511547    
  0.425779283      0.904827058      0.252263516    
  0.394101828      0.919066787      0.200969607    
  0.341856629      0.939752102      0.126153365    
  0.309017003      0.951056540       8.78003091E-02
  0.275804609      0.961213708       5.66694252E-02
  0.221378833      0.975187898       2.17873063E-02
  0.187381312      0.982287228       8.81557632E-03
  0.153157771      0.988201737       1.07085239E-03
   9.74097401E-02  0.995244384      -3.69828194E-03
   6.27905205E-02  0.998026729      -3.79035948E-03
   2.80955620E-02  0.999605238      -2.92479899E-03
  -2.80955620E-02  0.999605238      -1.14378019E-03
  -6.27905205E-02  0.998026729      -3.29876115E-04
  -9.74097401E-02  0.995244384       1.53254819E-04
 -0.153157771      0.988201737       3.55291209E-04
 -0.187381312      0.982287228       2.65909999E-04
 -0.221378833      0.975187898       1.43514655E-04
 -0.275804609      0.961213708       3.89379875E-06
 -0.309017003      0.951056540      -3.51268172E-05
 -0.341856629      0.939752102      -4.32763627E-05
 -0.394101828      0.919066787      -2.37816730E-05
 -0.425779283      0.904827058      -3.57231170E-06
 -0.456943184      0.889495909       5.99328587E-06
 -0.506183803      0.862425625       5.13235045E-06
 -0.535826802      0.844327927       4.41315660E-06
 -0.564823449      0.825211763      -5.71435123E-07
 -0.610283017      0.792183459       1.59126762E-06
 -0.637423992      0.770513237      -1.05243409E-07
 -0.663796067      0.747913599      -2.49926370E-06
 -0.704757631      0.709448099      -4.61317939E-07
 -0.728968620      0.684547126      -6.21199661E-07
 -0.752300262      0.658820391       3.83448014E-06
 -0.788117886      0.615524352      -3.97697340E-06
 -0.809017003      0.587785244      -2.13113299E-06
 -0.828940272      0.559337139       3.59613523E-06
 -0.859048963      0.511893392      -4.94683945E-07
 -0.876306653      0.481753677      -6.46833712E-07
 -0.892507374      0.451032847      -2.63689117E-06
 -0.916432381      0.400189579       4.08384994E-06
 -0.929776490      0.368124545       1.05713502E-06
 -0.941999078      0.335615486      -3.93586788E-06
 -0.959363103      0.282174528       1.19796528E-06
 -0.968583167      0.248689890       1.54667725E-06
 -0.976634920      0.214905262       1.41140174E-06
 -0.987164080      0.159709439      -3.43619581E-06
 -0.992114723      0.125333235      -1.23039996E-07
 -0.995868623       9.08058509E-02   3.34667902E-06
 -0.999396861       3.47256102E-02  -1.15093849E-06
  -1.00000000       1.22464685E-16  -1.66430061E-06
 -0.999396861      -3.47256102E-02  -1.15093849E-06
 -0.995868623      -9.08058509E-02   3.34667902E-06
 -0.992114723     -0.125333235      -1.23039996E-07
 -0.987164080     -0.159709439      -3.43619581E-06
 -0.976634920     -0.214905262       1.41140174E-06
 -0.968583167     -0.248689890       1.54667725E-06
 -0.959363103     -0.282174528       1.19796528E-06
 -0.941999078     -0.335615486      -3.93586788E-06
 -0.929776490     -0.368124545       1.05713502E-06
 -0.916432381     -0.400189579       4.08384994E-06
 -0.892507374     -0.451032847      -2.63689117E-06
 -0.876306653     -0.481753677      -6.46833712E-07
 -0.859048963     -0.511893392      -4.94683945E-07
 -0.828940272     -0.559337139       3.59613523E-06
 -0.809017003     -0.587785244      -2.13113299E-06
 -0.788117886     -0.615524352      -3.97697340E-06
 -0.752300262     -0.658820391       3.83448014E-06
 -0.728968620     -0.684547126      -6.21199661E-07
 -0.704757631     -0.709448099      -4.61317939E-07
 -0.663796067     -0.747913599      -2.49926370E-06
 -0.637423992     -0.770513237      -1.05243409E-07
 -0.610283017     -0.792183459       1.59126762E-06
 -0.564823449     -0.825211763      -5.71435123E-07
 -0.535826802     -0.844327927       4.41315660E-06
 -0.506183803     -0.862425625       5.13235045E-06
 -0.456943184     -0.889495909       5.99328587E-06
 -0.425779283     -0.904827058      -3.57231170E-06
 -0.394101828     -0.919066787      -2.37816730E-05
 -0.341856629     -0.939752102      -4.32763627E-05
 -0.309017003     -0.951056540      -3.51268172E-05
 -0.275804609     -0.961213708       3.89379875E-06
 -0.221378833     -0.975187898       1.43514655E-04
 -0.187381312     -0.982287228       2.65909999E-04
 -0.153157771     -0.988201737       3.55291209E-04
  -9.74097401E-02 -0.995244384       1.53254819E-04
  -6.27905205E-02 -0.998026729      -3.29876115E-04
  -2.80955620E-02 -0.999605238      -1.14378019E-03
   2.80955620E-02 -0.999605238      -2.92479899E-03
   6.27905205E-02 -0.998026729      -3.79035948E-03
   9.74097401E-02 -0.995244384      -3.69828194E-03
  0.153157771     -0.988201737       1.07085239E-03
  0.187381312     -0.982287228       8.81557632E-03
  0.221378833     -0.975187898       2.17873063E-02
  0.275804609     -0.961213708       5.66694252E-02
  0.309017003     -0.951056540       8.78003091E-02
  0.341856629     -0.939752102      0.126153365    
  0.394101828     -0.919066787      0.200969607    
  0.425779283     -0.904827058      0.252263516    
  0.456943184     -0.889495909      0.304511547    
  0.506183803     -0.862425625      0.383949548    
  0.535826802     -0.844327927      0.425564319    
  0.564823449     -0.825211763      0.458649963    
  0.610283017     -0.792183459      0.490083277    
  0.637423992     -0.770513237      0.494711667    
  0.663796067     -0.747913599      0.488213331    
  0.704757631     -0.709448099      0.456704497    
  0.728968620     -0.684547126      0.426767915    
  0.752300262     -0.658820391      0.391149521    
  0.788117886     -0.615524352      0.326631606    
  0.809017003     -0.587785244      0.285472512    
  0.828940272     -0.559337139      0.245255440    
  0.859048963     -0.511893392      0.185231522    
  0.876306653     -0.481753677      0.152505189    
  0.892507374     -0.451032847      0.123626120    
  0.916432381     -0.400189579       8.52560475E-02
  0.929776490     -0.368124545       6.64773062E-02
  0.941999078     -0.335615486       5.11087477E-02
  0.959363103     -0.282174528       3.24476957E-02
  0.968583167     -0.248689890       2.40952391E-02
  0.976634920     -0.214905262       1.76921505E-02
  0.987164080     -0.159709439       1.05706016E-02
  0.992114723     -0.125333235       7.69848702E-03
  0.995868623      -9.08058509E-02   5.72089711E-03
  0.999396861      -3.47256102E-02   4.02414147E-03
   1.00000000      -2.44929371E-16   3.74713354E-03
