   1.00000000       0.00000000       4.33262959E-02
  0.999396861       3.47256102E-02   4.83042151E-02
  0.995868623       9.08058509E-02   7.69829974E-02
  0.992114723      0.125333235      0.106649585    
  0.987164080      0.159709439      0.144313082    
  0.976634920      0.214905262      0.218324304    
  0.968583167      0.248689890      0.268873483    
  0.959363103      0.282174528      0.320059747    
  0.941999078      0.335615486      0.397135347    
  0.929776490      0.368124545      0.436880469    
  0.916432381      0.400189579      0.467774570    
  0.892507374      0.451032847      0.494997323    
  0.876306653      0.481753677      0.496655732    
  0.859048963      0.511893392      0.486977577    
  0.828940272      0.559337139      0.450159460    
  0.809017003      0.587785244      0.417108744    
  0.788117886      0.615524352      0.378694385    
  0.752300262      0.658820391      0.310658932    
  0.728968620      0.684547126      0.268110245    
  0.704757631      0.709448099      0.227160498    
  0.663796067      0.747913599      0.167285651    
  0.637423992      0.770513237      0.135335550    
  0.610283017      0.792183459      0.107642367    
  0.564823449      0.825211763       7.17784539E-02
  0.535826802      0.844327927       5.47041111E-02
  0.506183803      0.862425625       4.10388857E-02
  0.456943184      0.889495909       2.49419231E-02
  0.425779283      0.904827058       1.79788657E-02
  0.394101828      0.919066787       1.27697513E-02
  0.341856629      0.939752102       7.10862176E-03
  0.309017003      0.951056540       4.86133201E-03
  0.275804609      0.961213708       3.28027434E-03
  0.221378833      0.975187898       1.67959265E-03
  0.187381312      0.982287228       1.08833786E-03
  0.153157771      0.988201737       7.00251199E-04
   9.74097401E-02  0.995244384       3.34579381E-04
   6.27905205E-02  0.998026729       2.04990341E-04
   2.80955620E-02  0.999605238       1.21445337E-04
  -2.80955620E-02  0.999605238       5.69000003E-05
  -6.27905205E-02  0.998026729       3.77191682E-05
  -9.74097401E-02  0.995244384       1.73678236E-05
 -0.153157771      0.988201737       5.71553846E-06
 -0.187381312      0.982287228       5.01955128E-06
 -0.221378833      0.975187898       4.86115459E-06
 -0.275804609      0.961213708       5.81815129E-07
 -0.309017003      0.951056540      -3.59456180E-06
 -0.341856629      0.939752102      -4.56808976E-07
 -0.394101828      0.919066787       3.09491907E-06
 -0.425779283      0.904827058       1.39019699E-06
 -0.456943184      0.889495909      -3.08009248E-06
 -0.506183803      0.862425625      -4.57083644E-07
 -0.535826802      0.844327927       3.15081888E-06
 -0.564823449      0.825211763       2.96512326E-06
 -0.610283017      0.792183459      -4.78632137E-06
 -0.637423992      0.770513237      -4.16891362E-06
 -0.663796067      0.747913599       5.93621917E-06
 -0.704757631      0.709448099      -1.17798413E-06
 -0.728968620      0.684547126      -4.10423354E-06
 -0.752300262      0.658820391      -1.55474777E-06
 -0.788117886      0.615524352       3.78891468E-06
 -0.809017003      0.587785244       5.83381961E-06
 -0.828940272      0.559337139      -6.41537918E-06
 -0.859048963      0.511893392       1.45165939E-06
 -0.876306653      0.481753677       6.68839584E-06
 -0.892507374      0.451032847      -5.33399941E-07
 -0.916432381      0.400189579      -1.97764484E-06
 -0.929776490      0.368124545      -5.89213550E-06
 -0.941999078      0.335615486       4.74877424E-06
 -0.959363103      0.282174528       6.71236251E-07
 -0.968583167      0.248689890      -1.10621295E-05
 -0.976634920      0.214905262       9.62234139E-07
 -0.987164080      0.159709439       2.69826705E-06
 -0.992114723      0.125333235       2.72611146E-06
 -0.995868623       9.08058509E-02  -3.85352223E-06
 -0.999396861       3.47256102E-02  -1.43086140E-06
  -1.00000000       1.22464685E-16   1.36751405E-05
 -0.999396861      -3.47256102E-02  -1.43086140E-06
 -0.995868623      -9.08058509E-02  -3.85352223E-06
 -0.992114723     -0.125333235       2.72611146E-06
 -0.987164080     -0.159709439       2.69826705E-06
 -0.976634920     -0.214905262       9.62234139E-07
 -0.968583167     -0.248689890      -1.10621295E-05
 -0.959363103     -0.282174528       6.71236251E-07
 -0.941999078     -0.335615486       4.74877424E-06
 -0.929776490     -0.368124545      -5.89213550E-06
 -0.916432381     -0.400189579      -1.97764484E-06
 -0.892507374     -0.451032847      -5.33399941E-07
 -0.876306653     -0.481753677       6.68839584E-06
 -0.859048963     -0.511893392       1.45165939E-06
 -0.828940272     -0.559337139      -6.41537918E-06
 -0.809017003     -0.587785244       5.83381961E-06
 -0.788117886     -0.615524352       3.78891468E-06
 -0.752300262     -0.658820391      -1.55474777E-06
 -0.728968620     -0.684547126      -4.10423354E-06
 -0.704757631     -0.709448099      -1.17798413E-06
 -0.663796067     -0.747913599       5.93621917E-06
 -0.637423992     -0.770513237      -4.16891362E-06
 -0.610283017     -0.792183459      -4.78632137E-06
 -0.564823449     -0.825211763       2.96512326E-06
 -0.535826802     -0.844327927       3.15081888E-06
 -0.506183803     -0.862425625      -4.57083644E-07
 -0.456943184     -0.889495909      -3.08009248E-06
 -0.425779283     -0.904827058       1.39019699E-06
 -0.394101828     -0.919066787       3.09491907E-06
 -0.341856629     -0.939752102      -4.56808976E-07
 -0.309017003     -0.951056540      -3.59456180E-06
 -0.275804609     -0.961213708       5.81815129E-07
 -0.221378833     -0.975187898       4.86115459E-06
 -0.187381312     -0.982287228       5.01955128E-06
 -0.153157771     -0.988201737       5.71553846E-06
  -9.74097401E-02 -0.995244384       1.73678236E-05
  -6.27905205E-02 -0.998026729       3.77191682E-05
  -2.80955620E-02 -0.999605238       5.69000003E-05
   2.80955620E-02 -0.999605238       1.21445337E-04
   6.27905205E-02 -0.998026729       2.04990341E-04
   9.74097401E-02 -0.995244384       3.34579381E-04
  0.153157771     -0.988201737       7.00251199E-04
  0.187381312     -0.982287228       1.08833786E-03
  0.221378833     -0.975187898       1.67959265E-03
  0.275804609     -0.961213708       3.28027434E-03
  0.309017003     -0.951056540       4.86133201E-03
  0.341856629     -0.939752102       7.10862176E-03
  0.394101828     -0.919066787       1.27697513E-02
  0.425779283     -0.904827058       1.79788657E-02
  0.456943184     -0.889495909       2.49419231E-02
  0.506183803     -0.862425625       4.10388857E-02
  0.535826802     -0.844327927       5.47041111E-02
  0.564823449     -0.825211763       7.17784539E-02
  0.610283017     -0.792183459      0.107642367    
  0.637423992     -0.770513237      0.135335550    
  0.663796067     -0.747913599      0.167285651    
  0.704757631     -0.709448099      0.227160498    
  0.728968620     -0.684547126      0.268110245    
  0.752300262     -0.658820391      0.310658932    
  0.788117886     -0.615524352      0.378694385    
  0.809017003     -0.587785244      0.417108744    
  0.828940272     -0.559337139      0.450159460    
  0.859048963     -0.511893392      0.486977577    
  0.876306653     -0.481753677      0.496655732    
  0.892507374     -0.451032847      0.494997323    
  0.916432381     -0.400189579      0.467774570    
  0.929776490     -0.368124545      0.436880469    
  0.941999078     -0.335615486      0.397135347    
  0.959363103     -0.282174528      0.320059747    
  0.968583167     -0.248689890      0.268873483    
  0.976634920     -0.214905262      0.218324304    
  0.987164080     -0.159709439      0.144313082    
  0.992114723     -0.125333235      0.106649585    
  0.995868623      -9.08058509E-02   7.69829974E-02
  0.999396861      -3.47256102E-02   4.83042151E-02
   1.00000000      -2.44929371E-16   4.33262959E-02
