   1.00000000       0.00000000       4.04272987E-06
  0.999396861       3.47256102E-02   8.53246604E-07
  0.995868623       9.08058509E-02  -5.36359039E-06
  0.992114723      0.125333235       3.57377326E-06
  0.987164080      0.159709439       8.49335356E-06
  0.976634920      0.214905262      -3.36136077E-06
  0.968583167      0.248689890      -6.92253070E-06
  0.959363103      0.282174528      -8.67612016E-06
  0.941999078      0.335615486      -4.44858506E-06
  0.929776490      0.368124545      -4.87584430E-06
  0.916432381      0.400189579       9.45606917E-06
  0.892507374      0.451032847       4.83463846E-05
  0.876306653      0.481753677       4.71351414E-05
  0.859048963      0.511893392       2.76305709E-05
  0.828940272      0.559337139      -8.09304765E-05
  0.809017003      0.587785244      -1.66989950E-04
  0.788117886      0.615524352      -2.36963053E-04
  0.752300262      0.658820391      -1.81135707E-04
  0.728968620      0.684547126       5.66170966E-05
  0.704757631      0.709448099       4.34727059E-04
  0.663796067      0.747913599       1.19231222E-03
  0.637423992      0.770513237       1.46544247E-03
  0.610283017      0.792183459       1.29844283E-03
  0.564823449      0.825211763      -4.84245451E-04
  0.535826802      0.844327927      -2.72469898E-03
  0.506183803      0.862425625      -5.62306168E-03
  0.456943184      0.889495909      -1.02792559E-02
  0.425779283      0.904827058      -1.15555413E-02
  0.394101828      0.919066787      -9.98692960E-03
  0.341856629      0.939752102       2.42820382E-03
  0.309017003      0.951056540       1.84828918E-02
  0.275804609      0.961213708       4.21416275E-02
  0.221378833      0.975187898       9.72235501E-02
  0.187381312      0.982287228      0.140746742    
  0.153157771      0.988201737      0.189787507    
   9.74097401E-02  0.995244384      0.275184512    
   6.27905205E-02  0.998026729      0.327453047    
   2.80955620E-02  0.999605238      0.375990421    
  -2.80955620E-02  0.999605238      0.440201581    
  -6.27905205E-02  0.998026729      0.467917770    
  -9.74097401E-02  0.995244384      0.485024035    
 -0.153157771      0.988201737      0.489418507    
 -0.187381312      0.982287228      0.478501886    
 -0.221378833      0.975187898      0.458513528    
 -0.275804609      0.961213708      0.411066651    
 -0.309017003      0.951056540      0.375302911    
 -0.341856629      0.939752102      0.336832345    
 -0.394101828      0.919066787      0.273136854    
 -0.425779283      0.904827058      0.235074088    
 -0.456943184      0.889495909      0.199280292    
 -0.506183803      0.862425625      0.147912621    
 -0.535826802      0.844327927      0.120776996    
 -0.564823449      0.825211763       9.72858444E-02
 -0.610283017      0.792183459       6.66616186E-02
 -0.637423992      0.770513237       5.18878400E-02
 -0.663796067      0.747913599       3.98879871E-02
 -0.704757631      0.709448099       2.53925435E-02
 -0.728968620      0.684547126       1.89106204E-02
 -0.752300262      0.658820391       1.39216073E-02
 -0.788117886      0.615524352       8.27406161E-03
 -0.809017003      0.587785244       5.91147924E-03
 -0.828940272      0.559337139       4.17700503E-03
 -0.859048963      0.511893392       2.32965848E-03
 -0.876306653      0.481753677       1.60201464E-03
 -0.892507374      0.451032847       1.08567043E-03
 -0.916432381      0.400189579       5.68684656E-04
 -0.929776490      0.368124545       3.79133999E-04
 -0.941999078      0.335615486       2.48885743E-04
 -0.959363103      0.282174528       1.20767916E-04
 -0.968583167      0.248689890       7.49511455E-05
 -0.976634920      0.214905262       4.94037195E-05
 -0.987164080      0.159709439       2.62438880E-05
 -0.992114723      0.125333235       1.32937248E-05
 -0.995868623       9.08058509E-02   5.95006486E-06
 -0.999396861       3.47256102E-02   6.22496236E-06
  -1.00000000       1.22464685E-16   7.40578935E-06
 -0.999396861      -3.47256102E-02   6.22496236E-06
 -0.995868623      -9.08058509E-02   5.95006486E-06
 -0.992114723     -0.125333235       1.32937248E-05
 -0.987164080     -0.159709439       2.62438880E-05
 -0.976634920     -0.214905262       4.94037195E-05
 -0.968583167     -0.248689890       7.49511455E-05
 -0.959363103     -0.282174528       1.20767916E-04
 -0.941999078     -0.335615486       2.48885743E-04
 -0.929776490     -0.368124545       3.79133999E-04
 -0.916432381     -0.400189579       5.68684656E-04
 -0.892507374     -0.451032847       1.08567043E-03
 -0.876306653     -0.481753677       1.60201464E-03
 -0.859048963     -0.511893392       2.32965848E-03
 -0.828940272     -0.559337139       4.17700503E-03
 -0.809017003     -0.587785244       5.91147924E-03
 -0.788117886     -0.615524352       8.27406161E-03
 -0.752300262     -0.658820391       1.39216073E-02
 -0.728968620     -0.684547126       1.89106204E-02
 -0.704757631     -0.709448099       2.53925435E-02
 -0.663796067     -0.747913599       3.98879871E-02
 -0.637423992     -0.770513237       5.18878400E-02
 -0.610283017     -0.792183459       6.66616186E-02
 -0.564823449     -0.825211763       9.72858444E-02
 -0.535826802     -0.844327927      0.120776996    
 -0.506183803     -0.862425625      0.147912621    
 -0.456943184     -0.889495909      0.199280292    
 -0.425779283     -0.904827058      0.235074088    
 -0.394101828     -0.919066787      0.273136854    
 -0.341856629     -0.939752102      0.336832345    
 -0.309017003     -0.951056540      0.375302911    
 -0.275804609     -0.961213708      0.411066651    
 -0.221378833     -0.975187898      0.458513528    
 -0.187381312     -0.982287228      0.478501886    
 -0.153157771     -0.988201737      0.489418507    
  -9.74097401E-02 -0.995244384      0.485024035    
  -6.27905205E-02 -0.998026729      0.467917770    
  -2.80955620E-02 -0.999605238      0.440201581    
   2.80955620E-02 -0.999605238      0.375990421    
   6.27905205E-02 -0.998026729      0.327453047    
   9.74097401E-02 -0.995244384      0.275184512    
  0.153157771     -0.988201737      0.189787507    
  0.187381312     -0.982287228      0.140746742    
  0.221378833     -0.975187898       9.72235501E-02
  0.275804609     -0.961213708       4.21416275E-02
  0.309017003     -0.951056540       1.84828918E-02
  0.341856629     -0.939752102       2.42820382E-03
  0.394101828     -0.919066787      -9.98692960E-03
  0.425779283     -0.904827058      -1.15555413E-02
  0.456943184     -0.889495909      -1.02792559E-02
  0.506183803     -0.862425625      -5.62306168E-03
  0.535826802     -0.844327927      -2.72469898E-03
  0.564823449     -0.825211763      -4.84245451E-04
  0.610283017     -0.792183459       1.29844283E-03
  0.637423992     -0.770513237       1.46544247E-03
  0.663796067     -0.747913599       1.19231222E-03
  0.704757631     -0.709448099       4.34727059E-04
  0.728968620     -0.684547126       5.66170966E-05
  0.752300262     -0.658820391      -1.81135707E-04
  0.788117886     -0.615524352      -2.36963053E-04
  0.809017003     -0.587785244      -1.66989950E-04
  0.828940272     -0.559337139      -8.09304765E-05
  0.859048963     -0.511893392       2.76305709E-05
  0.876306653     -0.481753677       4.71351414E-05
  0.892507374     -0.451032847       4.83463846E-05
  0.916432381     -0.400189579       9.45606917E-06
  0.929776490     -0.368124545      -4.87584430E-06
  0.941999078     -0.335615486      -4.44858506E-06
  0.959363103     -0.282174528      -8.67612016E-06
  0.968583167     -0.248689890      -6.92253070E-06
  0.976634920     -0.214905262      -3.36136077E-06
  0.987164080     -0.159709439       8.49335356E-06
  0.992114723     -0.125333235       3.57377326E-06
  0.995868623      -9.08058509E-02  -5.36359039E-06
  0.999396861      -3.47256102E-02   8.53246604E-07
   1.00000000      -2.44929371E-16   4.04272987E-06
