   1.00000000       0.00000000       2.70622735E-07
  0.999396861       3.47256102E-02   1.56129829E-06
  0.995868623       9.08058509E-02  -4.05996661E-06
  0.992114723      0.125333235       3.20587446E-07
  0.987164080      0.159709439       6.10121606E-06
  0.976634920      0.214905262      -6.92142248E-06
  0.968583167      0.248689890       1.56486226E-06
  0.959363103      0.282174528       6.07463380E-06
  0.941999078      0.335615486      -2.31315084E-06
  0.929776490      0.368124545       5.14782323E-06
  0.916432381      0.400189579       6.79761752E-06
  0.892507374      0.451032847       2.61599853E-05
  0.876306653      0.481753677       3.98563825E-05
  0.859048963      0.511893392       7.35432550E-05
  0.828940272      0.559337139       2.20174727E-04
  0.809017003      0.587785244       3.71036353E-04
  0.788117886      0.615524352       6.49780151E-04
  0.752300262      0.658820391       1.53333426E-03
  0.728968620      0.684547126       2.51907925E-03
  0.704757631      0.709448099       4.05430514E-03
  0.663796067      0.747913599       8.34623724E-03
  0.637423992      0.770513237       1.27017051E-02
  0.610283017      0.792183459       1.88845638E-02
  0.564823449      0.825211763       3.42246965E-02
  0.535826802      0.844327927       4.80312221E-02
  0.506183803      0.862425625       6.59138933E-02
  0.456943184      0.889495909      0.104876377    
  0.425779283      0.904827058      0.135665908    
  0.394101828      0.919066787      0.171554655    
  0.341856629      0.939752102      0.238940790    
  0.309017003      0.951056540      0.284508675    
  0.275804609      0.961213708      0.330987394    
  0.221378833      0.975187898      0.402421117    
  0.187381312      0.982287228      0.440294683    
  0.153157771      0.988201737      0.470451355    
   9.74097401E-02  0.995244384      0.497883022    
   6.27905205E-02  0.998026729      0.499654949    
   2.80955620E-02  0.999605238      0.489452541    
  -2.80955620E-02  0.999605238      0.449535251    
  -6.27905205E-02  0.998026729      0.413025320    
  -9.74097401E-02  0.995244384      0.370205969    
 -0.153157771      0.988201737      0.294144362    
 -0.187381312      0.982287228      0.246920645    
 -0.221378833      0.975187898      0.202087581    
 -0.275804609      0.961213708      0.138435110    
 -0.309017003      0.951056540      0.105937108    
 -0.341856629      0.939752102       7.89866224E-02
 -0.394101828      0.919066787       4.64769341E-02
 -0.425779283      0.904827058       3.23446654E-02
 -0.456943184      0.889495909       2.19169687E-02
 -0.506183803      0.862425625       1.10322870E-02
 -0.535826802      0.844327927       6.96566748E-03
 -0.564823449      0.825211763       4.27995482E-03
 -0.610283017      0.792183459       1.83496939E-03
 -0.637423992      0.770513237       1.04915444E-03
 -0.663796067      0.747913599       5.83630230E-04
 -0.704757631      0.709448099       2.12314946E-04
 -0.728968620      0.684547126       1.09875276E-04
 -0.752300262      0.658820391       5.52882375E-05
 -0.788117886      0.615524352       1.70819731E-05
 -0.809017003      0.587785244       7.98950623E-06
 -0.828940272      0.559337139       3.63748472E-06
 -0.859048963      0.511893392       9.72290422E-07
 -0.876306653      0.481753677       4.24428237E-07
 -0.892507374      0.451032847       1.52893662E-07
 -0.916432381      0.400189579       5.40410525E-08
 -0.929776490      0.368124545       1.74679238E-09
 -0.941999078      0.335615486       1.41181800E-09
 -0.959363103      0.282174528       6.86559654E-09
 -0.968583167      0.248689890      -8.70630068E-10
 -0.976634920      0.214905262      -4.98160180E-09
 -0.987164080      0.159709439       5.95696825E-09
 -0.992114723      0.125333235      -1.00981516E-08
 -0.995868623       9.08058509E-02   1.19796584E-09
 -0.999396861       3.47256102E-02   6.42938203E-10
  -1.00000000       1.22464685E-16  -3.99076416E-09
 -0.999396861      -3.47256102E-02   6.42938147E-10
 -0.995868623      -9.08058509E-02   1.19796617E-09
 -0.992114723     -0.125333235      -1.00981516E-08
 -0.987164080     -0.159709439       5.95696781E-09
 -0.976634920     -0.214905262      -4.98160135E-09
 -0.968583167     -0.248689890      -8.70630512E-10
 -0.959363103     -0.282174528       6.86559654E-09
 -0.941999078     -0.335615486       1.41181788E-09
 -0.929776490     -0.368124545       1.74679216E-09
 -0.916432381     -0.400189579       5.40410525E-08
 -0.892507374     -0.451032847       1.52893662E-07
 -0.876306653     -0.481753677       4.24428237E-07
 -0.859048963     -0.511893392       9.72290422E-07
 -0.828940272     -0.559337139       3.63748472E-06
 -0.809017003     -0.587785244       7.98950623E-06
 -0.788117886     -0.615524352       1.70819731E-05
 -0.752300262     -0.658820391       5.52882375E-05
 -0.728968620     -0.684547126       1.09875276E-04
 -0.704757631     -0.709448099       2.12314946E-04
 -0.663796067     -0.747913599       5.83630230E-04
 -0.637423992     -0.770513237       1.04915444E-03
 -0.610283017     -0.792183459       1.83496939E-03
 -0.564823449     -0.825211763       4.27995482E-03
 -0.535826802     -0.844327927       6.96566748E-03
 -0.506183803     -0.862425625       1.10322870E-02
 -0.456943184     -0.889495909       2.19169687E-02
 -0.425779283     -0.904827058       3.23446654E-02
 -0.394101828     -0.919066787       4.64769341E-02
 -0.341856629     -0.939752102       7.89866224E-02
 -0.309017003     -0.951056540      0.105937108    
 -0.275804609     -0.961213708      0.138435110    
 -0.221378833     -0.975187898      0.202087581    
 -0.187381312     -0.982287228      0.246920645    
 -0.153157771     -0.988201737      0.294144362    
  -9.74097401E-02 -0.995244384      0.370205969    
  -6.27905205E-02 -0.998026729      0.413025320    
  -2.80955620E-02 -0.999605238      0.449535251    
   2.80955620E-02 -0.999605238      0.489452541    
   6.27905205E-02 -0.998026729      0.499654949    
   9.74097401E-02 -0.995244384      0.497883022    
  0.153157771     -0.988201737      0.470451355    
  0.187381312     -0.982287228      0.440294683    
  0.221378833     -0.975187898      0.402421117    
  0.275804609     -0.961213708      0.330987394    
  0.309017003     -0.951056540      0.284508675    
  0.341856629     -0.939752102      0.238940790    
  0.394101828     -0.919066787      0.171554655    
  0.425779283     -0.904827058      0.135665908    
  0.456943184     -0.889495909      0.104876377    
  0.506183803     -0.862425625       6.59138933E-02
  0.535826802     -0.844327927       4.80312221E-02
  0.564823449     -0.825211763       3.42246965E-02
  0.610283017     -0.792183459       1.88845638E-02
  0.637423992     -0.770513237       1.27017051E-02
  0.663796067     -0.747913599       8.34623724E-03
  0.704757631     -0.709448099       4.05430514E-03
  0.728968620     -0.684547126       2.51907925E-03
  0.752300262     -0.658820391       1.53333426E-03
  0.788117886     -0.615524352       6.49780151E-04
  0.809017003     -0.587785244       3.71036353E-04
  0.828940272     -0.559337139       2.20174727E-04
  0.859048963     -0.511893392       7.35432550E-05
  0.876306653     -0.481753677       3.98563825E-05
  0.892507374     -0.451032847       2.61599853E-05
  0.916432381     -0.400189579       6.79761752E-06
  0.929776490     -0.368124545       5.14782323E-06
  0.941999078     -0.335615486      -2.31315084E-06
  0.959363103     -0.282174528       6.07463380E-06
  0.968583167     -0.248689890       1.56486226E-06
  0.976634920     -0.214905262      -6.92142248E-06
  0.987164080     -0.159709439       6.10121606E-06
  0.992114723     -0.125333235       3.20587446E-07
  0.995868623      -9.08058509E-02  -4.05996661E-06
  0.999396861      -3.47256102E-02   1.56129829E-06
   1.00000000      -2.44929371E-16   2.70622735E-07
