   1.00000000       0.00000000       1.05664367E-03
  0.999396861       3.47256102E-02   1.16006751E-03
  0.995868623       9.08058509E-02   1.79157441E-03
  0.992114723      0.125333235       2.53772014E-03
  0.987164080      0.159709439       3.66742071E-03
  0.976634920      0.214905262       6.65356498E-03
  0.968583167      0.248689890       9.49622784E-03
  0.959363103      0.282174528       1.33833401E-02
  0.941999078      0.335615486       2.26779263E-02
  0.929776490      0.368124545       3.08643635E-02
  0.916432381      0.400189579       4.14097346E-02
  0.892507374      0.451032847       6.45909831E-02
  0.876306653      0.481753677       8.33822787E-02
  0.859048963      0.511893392      0.106008552    
  0.828940272      0.559337139      0.151221007    
  0.809017003      0.587785244      0.184429735    
  0.788117886      0.615524352      0.221225515    
  0.752300262      0.658820391      0.286384135    
  0.728968620      0.684547126      0.328241080    
  0.704757631      0.709448099      0.369396746    
  0.663796067      0.747913599      0.429584444    
  0.637423992      0.770513237      0.459505886    
  0.610283017      0.792183459      0.481476992    
  0.564823449      0.825211763      0.496007860    
  0.535826802      0.844327927      0.490329593    
  0.506183803      0.862425625      0.473167121    
  0.456943184      0.889495909      0.422968924    
  0.425779283      0.904827058      0.380667746    
  0.394101828      0.919066787      0.332507342    
  0.341856629      0.939752102      0.249180466    
  0.309017003      0.951056540      0.198758036    
  0.275804609      0.961213708      0.152056769    
  0.221378833      0.975187898       8.88108835E-02
  0.187381312      0.982287228       5.87959476E-02
  0.153157771      0.988201737       3.58788334E-02
   9.74097401E-02  0.995244384       1.22891339E-02
   6.27905205E-02  0.998026729       4.37098881E-03
   2.80955620E-02  0.999605238       1.06868574E-04
  -2.80955620E-02  0.999605238      -2.00567069E-03
  -6.27905205E-02  0.998026729      -1.80595729E-03
  -9.74097401E-02  0.995244384      -1.22219115E-03
 -0.153157771      0.988201737      -3.37823090E-04
 -0.187381312      0.982287228      -1.34017710E-05
 -0.221378833      0.975187898       1.30005123E-04
 -0.275804609      0.961213708       1.38342817E-04
 -0.309017003      0.951056540       8.10355923E-05
 -0.341856629      0.939752102       2.44282892E-05
 -0.394101828      0.919066787      -1.09200892E-05
 -0.425779283      0.904827058      -1.34966795E-05
 -0.456943184      0.889495909      -1.14119839E-05
 -0.506183803      0.862425625      -8.12796588E-06
 -0.535826802      0.844327927       2.99263024E-06
 -0.564823449      0.825211763       8.65708262E-06
 -0.610283017      0.792183459      -3.66559925E-06
 -0.637423992      0.770513237      -3.76047979E-06
 -0.663796067      0.747913599       2.89840818E-06
 -0.704757631      0.709448099       1.99309170E-06
 -0.728968620      0.684547126      -3.87389491E-06
 -0.752300262      0.658820391      -4.18369382E-06
 -0.788117886      0.615524352       5.38198719E-06
 -0.809017003      0.587785244       2.54765223E-06
 -0.828940272      0.559337139      -5.13545820E-06
 -0.859048963      0.511893392       1.61765070E-06
 -0.876306653      0.481753677       2.45207661E-06
 -0.892507374      0.451032847       5.49675974E-07
 -0.916432381      0.400189579      -2.55541295E-06
 -0.929776490      0.368124545      -1.13340525E-06
 -0.941999078      0.335615486       3.47986975E-06
 -0.959363103      0.282174528      -2.03996888E-06
 -0.968583167      0.248689890      -8.11747157E-07
 -0.976634920      0.214905262       4.56894838E-07
 -0.987164080      0.159709439       8.32118133E-07
 -0.992114723      0.125333235       4.20993274E-07
 -0.995868623       9.08058509E-02  -1.37585380E-06
 -0.999396861       3.47256102E-02   5.47624552E-07
  -1.00000000       1.22464685E-16   4.22073526E-07
 -0.999396861      -3.47256102E-02   5.47624552E-07
 -0.995868623      -9.08058509E-02  -1.37585380E-06
 -0.992114723     -0.125333235       4.20993274E-07
 -0.987164080     -0.159709439       8.32118133E-07
 -0.976634920     -0.214905262       4.56894838E-07
 -0.968583167     -0.248689890      -8.11747157E-07
 -0.959363103     -0.282174528      -2.03996888E-06
 -0.941999078     -0.335615486       3.47986975E-06
 -0.929776490     -0.368124545      -1.13340525E-06
 -0.916432381     -0.400189579      -2.55541295E-06
 -0.892507374     -0.451032847       5.49675974E-07
 -0.876306653     -0.481753677       2.45207661E-06
 -0.859048963     -0.511893392       1.61765070E-06
 -0.828940272     -0.559337139      -5.13545820E-06
 -0.809017003     -0.587785244       2.54765223E-06
 -0.788117886     -0.615524352       5.38198719E-06
 -0.752300262     -0.658820391      -4.18369382E-06
 -0.728968620     -0.684547126      -3.87389491E-06
 -0.704757631     -0.709448099       1.99309170E-06
 -0.663796067     -0.747913599       2.89840818E-06
 -0.637423992     -0.770513237      -3.76047979E-06
 -0.610283017     -0.792183459      -3.66559925E-06
 -0.564823449     -0.825211763       8.65708262E-06
 -0.535826802     -0.844327927       2.99263024E-06
 -0.506183803     -0.862425625      -8.12796588E-06
 -0.456943184     -0.889495909      -1.14119839E-05
 -0.425779283     -0.904827058      -1.34966795E-05
 -0.394101828     -0.919066787      -1.09200892E-05
 -0.341856629     -0.939752102       2.44282892E-05
 -0.309017003     -0.951056540       8.10355923E-05
 -0.275804609     -0.961213708       1.38342817E-04
 -0.221378833     -0.975187898       1.30005123E-04
 -0.187381312     -0.982287228      -1.34017710E-05
 -0.153157771     -0.988201737      -3.37823090E-04
  -9.74097401E-02 -0.995244384      -1.22219115E-03
  -6.27905205E-02 -0.998026729      -1.80595729E-03
  -2.80955620E-02 -0.999605238      -2.00567069E-03
   2.80955620E-02 -0.999605238       1.06868574E-04
   6.27905205E-02 -0.998026729       4.37098881E-03
   9.74097401E-02 -0.995244384       1.22891339E-02
  0.153157771     -0.988201737       3.58788334E-02
  0.187381312     -0.982287228       5.87959476E-02
  0.221378833     -0.975187898       8.88108835E-02
  0.275804609     -0.961213708      0.152056769    
  0.309017003     -0.951056540      0.198758036    
  0.341856629     -0.939752102      0.249180466    
  0.394101828     -0.919066787      0.332507342    
  0.425779283     -0.904827058      0.380667746    
  0.456943184     -0.889495909      0.422968924    
  0.506183803     -0.862425625      0.473167121    
  0.535826802     -0.844327927      0.490329593    
  0.564823449     -0.825211763      0.496007860    
  0.610283017     -0.792183459      0.481476992    
  0.637423992     -0.770513237      0.459505886    
  0.663796067     -0.747913599      0.429584444    
  0.704757631     -0.709448099      0.369396746    
  0.728968620     -0.684547126      0.328241080    
  0.752300262     -0.658820391      0.286384135    
  0.788117886     -0.615524352      0.221225515    
  0.809017003     -0.587785244      0.184429735    
  0.828940272     -0.559337139      0.151221007    
  0.859048963     -0.511893392      0.106008552    
  0.876306653     -0.481753677       8.33822787E-02
  0.892507374     -0.451032847       6.45909831E-02
  0.916432381     -0.400189579       4.14097346E-02
  0.929776490     -0.368124545       3.08643635E-02
  0.941999078     -0.335615486       2.26779263E-02
  0.959363103     -0.282174528       1.33833401E-02
  0.968583167     -0.248689890       9.49622784E-03
  0.976634920     -0.214905262       6.65356498E-03
  0.987164080     -0.159709439       3.66742071E-03
  0.992114723     -0.125333235       2.53772014E-03
  0.995868623      -9.08058509E-02   1.79157441E-03
  0.999396861      -3.47256102E-02   1.16006751E-03
   1.00000000      -2.44929371E-16   1.05664367E-03
