   1.00000000       0.00000000      -2.99401654E-06
  0.999396861       3.47256102E-02   6.25702171E-07
  0.995868623       9.08058509E-02   2.99971504E-07
  0.992114723      0.125333235      -4.24075523E-07
  0.987164080      0.159709439      -8.36660490E-07
  0.976634920      0.214905262       1.34933293E-06
  0.968583167      0.248689890       1.80198276E-06
  0.959363103      0.282174528      -2.88096885E-06
  0.941999078      0.335615486       2.23317352E-06
  0.929776490      0.368124545       9.49130694E-08
  0.916432381      0.400189579      -7.27104180E-07
  0.892507374      0.451032847      -9.66542075E-07
  0.876306653      0.481753677      -7.34676009E-09
  0.859048963      0.511893392       2.98500981E-06
  0.828940272      0.559337139      -4.23430902E-06
  0.809017003      0.587785244       1.75381501E-06
  0.788117886      0.615524352       2.58635851E-06
  0.752300262      0.658820391      -1.30156593E-06
  0.728968620      0.684547126       1.08394261E-06
  0.704757631      0.709448099      -1.42002946E-07
  0.663796067      0.747913599       1.67742928E-06
  0.637423992      0.770513237      -4.32020261E-06
  0.610283017      0.792183459      -3.96020596E-06
  0.564823449      0.825211763       2.51443134E-06
  0.535826802      0.844327927      -1.20145171E-06
  0.506183803      0.862425625       4.75260185E-06
  0.456943184      0.889495909       1.01012138E-05
  0.425779283      0.904827058       3.72559907E-06
  0.394101828      0.919066787      -9.61931983E-06
  0.341856629      0.939752102      -3.01532000E-05
  0.309017003      0.951056540      -2.60133893E-05
  0.275804609      0.961213708      -1.94267413E-05
  0.221378833      0.975187898       3.85936692E-05
  0.187381312      0.982287228       9.80434343E-05
  0.153157771      0.988201737       1.36115152E-04
   9.74097401E-02  0.995244384       8.10881538E-05
   6.27905205E-02  0.998026729      -5.43121387E-05
   2.80955620E-02  0.999605238      -2.37168759E-04
  -2.80955620E-02  0.999605238      -5.38194727E-04
  -6.27905205E-02  0.998026729      -5.83839428E-04
  -9.74097401E-02  0.995244384      -3.80963960E-04
 -0.153157771      0.988201737       5.77797182E-04
 -0.187381312      0.982287228       1.46427448E-03
 -0.221378833      0.975187898       2.32321606E-03
 -0.275804609      0.961213708       2.84537161E-03
 -0.309017003      0.951056540       2.01649964E-03
 -0.341856629      0.939752102      -6.92798712E-05
 -0.394101828      0.919066787      -6.09539729E-03
 -0.425779283      0.904827058      -1.08281095E-02
 -0.456943184      0.889495909      -1.52794970E-02
 -0.506183803      0.862425625      -1.84814725E-02
 -0.535826802      0.844327927      -1.54009704E-02
 -0.564823449      0.825211763      -6.48146030E-03
 -0.610283017      0.792183459       2.35733259E-02
 -0.637423992      0.770513237       5.28992489E-02
 -0.663796067      0.747913599       9.03046355E-02
 -0.704757631      0.709448099      0.165200308    
 -0.728968620      0.684547126      0.217384920    
 -0.752300262      0.658820391      0.271133572    
 -0.788117886      0.615524352      0.354439855    
 -0.809017003      0.587785244      0.399444908    
 -0.828940272      0.559337139      0.436777979    
 -0.859048963      0.511893392      0.476967096    
 -0.876306653      0.481753677      0.488078654    
 -0.892507374      0.451032847      0.488697767    
 -0.916432381      0.400189579      0.469500810    
 -0.929776490      0.368124545      0.447291613    
 -0.941999078      0.335615486      0.419233978    
 -0.959363103      0.282174528      0.366294980    
 -0.968583167      0.248689890      0.331906885    
 -0.976634920      0.214905262      0.298351824    
 -0.987164080      0.159709439      0.249625996    
 -0.992114723      0.125333235      0.224885583    
 -0.995868623       9.08058509E-02  0.205370933    
 -0.999396861       3.47256102E-02  0.186443657    
  -1.00000000       1.22464685E-16  0.183153495    
 -0.999396861      -3.47256102E-02  0.186443657    
 -0.995868623      -9.08058509E-02  0.205370933    
 -0.992114723     -0.125333235      0.224885583    
 -0.987164080     -0.159709439      0.249625996    
 -0.976634920     -0.214905262      0.298351824    
 -0.968583167     -0.248689890      0.331906885    
 -0.959363103     -0.282174528      0.366294980    
 -0.941999078     -0.335615486      0.419233978    
 -0.929776490     -0.368124545      0.447291613    
 -0.916432381     -0.400189579      0.469500810    
 -0.892507374     -0.451032847      0.488697767    
 -0.876306653     -0.481753677      0.488078654    
 -0.859048963     -0.511893392      0.476967096    
 -0.828940272     -0.559337139      0.436777979    
 -0.809017003     -0.587785244      0.399444908    
 -0.788117886     -0.615524352      0.354439855    
 -0.752300262     -0.658820391      0.271133572    
 -0.728968620     -0.684547126      0.217384920    
 -0.704757631     -0.709448099      0.165200308    
 -0.663796067     -0.747913599       9.03046355E-02
 -0.637423992     -0.770513237       5.28992489E-02
 -0.610283017     -0.792183459       2.35733259E-02
 -0.564823449     -0.825211763      -6.48146030E-03
 -0.535826802     -0.844327927      -1.54009704E-02
 -0.506183803     -0.862425625      -1.84814725E-02
 -0.456943184     -0.889495909      -1.52794970E-02
 -0.425779283     -0.904827058      -1.08281095E-02
 -0.394101828     -0.919066787      -6.09539729E-03
 -0.341856629     -0.939752102      -6.92798712E-05
 -0.309017003     -0.951056540       2.01649964E-03
 -0.275804609     -0.961213708       2.84537161E-03
 -0.221378833     -0.975187898       2.32321606E-03
 -0.187381312     -0.982287228       1.46427448E-03
 -0.153157771     -0.988201737       5.77797182E-04
  -9.74097401E-02 -0.995244384      -3.80963960E-04
  -6.27905205E-02 -0.998026729      -5.83839428E-04
  -2.80955620E-02 -0.999605238      -5.38194727E-04
   2.80955620E-02 -0.999605238      -2.37168759E-04
   6.27905205E-02 -0.998026729      -5.43121387E-05
   9.74097401E-02 -0.995244384       8.10881538E-05
  0.153157771     -0.988201737       1.36115152E-04
  0.187381312     -0.982287228       9.80434343E-05
  0.221378833     -0.975187898       3.85936692E-05
  0.275804609     -0.961213708      -1.94267413E-05
  0.309017003     -0.951056540      -2.60133893E-05
  0.341856629     -0.939752102      -3.01532000E-05
  0.394101828     -0.919066787      -9.61931983E-06
  0.425779283     -0.904827058       3.72559907E-06
  0.456943184     -0.889495909       1.01012138E-05
  0.506183803     -0.862425625       4.75260185E-06
  0.535826802     -0.844327927      -1.20145171E-06
  0.564823449     -0.825211763       2.51443134E-06
  0.610283017     -0.792183459      -3.96020596E-06
  0.637423992     -0.770513237      -4.32020261E-06
  0.663796067     -0.747913599       1.67742928E-06
  0.704757631     -0.709448099      -1.42002946E-07
  0.728968620     -0.684547126       1.08394261E-06
  0.752300262     -0.658820391      -1.30156593E-06
  0.788117886     -0.615524352       2.58635851E-06
  0.809017003     -0.587785244       1.75381501E-06
  0.828940272     -0.559337139      -4.23430902E-06
  0.859048963     -0.511893392       2.98500981E-06
  0.876306653     -0.481753677      -7.34676187E-09
  0.892507374     -0.451032847      -9.66542075E-07
  0.916432381     -0.400189579      -7.27104180E-07
  0.929776490     -0.368124545       9.49130694E-08
  0.941999078     -0.335615486       2.23317352E-06
  0.959363103     -0.282174528      -2.88096885E-06
  0.968583167     -0.248689890       1.80198276E-06
  0.976634920     -0.214905262       1.34933293E-06
  0.987164080     -0.159709439      -8.36660490E-07
  0.992114723     -0.125333235      -4.24075523E-07
  0.995868623      -9.08058509E-02   2.99971504E-07
  0.999396861      -3.47256102E-02   6.25702171E-07
   1.00000000      -2.44929371E-16  -2.99401654E-06
